      0.00000000e+00       3.02227107e-01       3.02227107e-01       2.02723388e-01       2.02723388e-01
      1.00000000e-02       3.02226834e-01       3.02226834e-01       2.02714653e-01       2.02714653e-01
      2.00000000e-02       3.02226021e-01       3.02226021e-01       2.02688456e-01       2.02688456e-01
      3.00000000e-02       3.02224688e-01       3.02224688e-01       2.02644829e-01       2.02644829e-01
      4.00000000e-02       3.02222864e-01       3.02222864e-01       2.02583820e-01       2.02583820e-01
      5.00000000e-02       3.02220594e-01       3.02220594e-01       2.02505500e-01       2.02505500e-01
      6.00000000e-02       3.02217934e-01       3.02217934e-01       2.02409957e-01       2.02409957e-01
      7.00000000e-02       3.02214952e-01       3.02214952e-01       2.02297300e-01       2.02297300e-01
      8.00000000e-02       3.02211728e-01       3.02211728e-01       2.02167657e-01       2.02167657e-01
      9.00000000e-02       3.02208354e-01       3.02208354e-01       2.02021177e-01       2.02021177e-01
      1.00000000e-01       3.02204933e-01       3.02204933e-01       2.01858024e-01       2.01858024e-01
      1.10000000e-01       3.02201581e-01       3.02201581e-01       2.01678385e-01       2.01678385e-01
      1.20000000e-01       3.02198424e-01       3.02198424e-01       2.01482463e-01       2.01482463e-01
      1.30000000e-01       3.02195601e-01       3.02195601e-01       2.01270479e-01       2.01270479e-01
      1.40000000e-01       3.02193258e-01       3.02193258e-01       2.01042675e-01       2.01042675e-01
      1.50000000e-01       3.02191554e-01       3.02191554e-01       2.00799306e-01       2.00799306e-01
      1.60000000e-01       3.02190659e-01       3.02190659e-01       2.00540648e-01       2.00540648e-01
      1.70000000e-01       3.02190750e-01       3.02190750e-01       2.00266991e-01       2.00266991e-01
      1.80000000e-01       3.02192016e-01       3.02192016e-01       1.99978643e-01       1.99978643e-01
      1.90000000e-01       3.02194652e-01       3.02194652e-01       1.99675928e-01       1.99675928e-01
      2.00000000e-01       3.02198865e-01       3.02198865e-01       1.99359184e-01       1.99359184e-01
      2.10000000e-01       3.02204868e-01       3.02204868e-01       1.99028766e-01       1.99028766e-01
      2.20000000e-01       3.02212881e-01       3.02212881e-01       1.98685041e-01       1.98685041e-01
      2.30000000e-01       3.02223134e-01       3.02223134e-01       1.98328392e-01       1.98328392e-01
      2.40000000e-01       3.02235862e-01       3.02235862e-01       1.97959214e-01       1.97959214e-01
      2.50000000e-01       3.02251305e-01       3.02251305e-01       1.97577916e-01       1.97577916e-01
      2.60000000e-01       3.02269712e-01       3.02269712e-01       1.97184919e-01       1.97184919e-01
      2.70000000e-01       3.02291334e-01       3.02291334e-01       1.96780654e-01       1.96780654e-01
      2.80000000e-01       3.02316429e-01       3.02316429e-01       1.96365564e-01       1.96365564e-01
      2.90000000e-01       3.02345259e-01       3.02345259e-01       1.95940104e-01       1.95940104e-01
      3.00000000e-01       3.02378087e-01       3.02378087e-01       1.95504737e-01       1.95504737e-01
      3.10000000e-01       3.02415183e-01       3.02415183e-01       1.95059934e-01       1.95059934e-01
      3.20000000e-01       3.02456817e-01       3.02456817e-01       1.94606177e-01       1.94606177e-01
      3.30000000e-01       3.02503260e-01       3.02503260e-01       1.94143953e-01       1.94143953e-01
      3.40000000e-01       3.02554787e-01       3.02554787e-01       1.93673760e-01       1.93673760e-01
      3.50000000e-01       3.02611673e-01       3.02611673e-01       1.93196097e-01       1.93196097e-01
      3.60000000e-01       3.02674190e-01       3.02674190e-01       1.92711473e-01       1.92711473e-01
      3.70000000e-01       3.02742614e-01       3.02742614e-01       1.92220400e-01       1.92220400e-01
      3.80000000e-01       3.02817217e-01       3.02817217e-01       1.91723394e-01       1.91723394e-01
      3.90000000e-01       3.02898271e-01       3.02898271e-01       1.91220976e-01       1.91220976e-01
      4.00000000e-01       3.02986043e-01       3.02986043e-01       1.90713668e-01       1.90713668e-01
      4.10000000e-01       3.03080801e-01       3.03080801e-01       1.90201994e-01       1.90201994e-01
      4.20000000e-01       3.03182805e-01       3.03182805e-01       1.89686480e-01       1.89686480e-01
      4.30000000e-01       3.03292314e-01       3.03292314e-01       1.89167654e-01       1.89167654e-01
      4.40000000e-01       3.03409581e-01       3.03409581e-01       1.88646041e-01       1.88646041e-01
      4.50000000e-01       3.03534855e-01       3.03534855e-01       1.88122167e-01       1.88122167e-01
      4.60000000e-01       3.03668377e-01       3.03668377e-01       1.87596556e-01       1.87596556e-01
      4.70000000e-01       3.03810382e-01       3.03810382e-01       1.87069729e-01       1.87069729e-01
      4.80000000e-01       3.03961099e-01       3.03961099e-01       1.86542204e-01       1.86542204e-01
      4.90000000e-01       3.04120748e-01       3.04120748e-01       1.86014497e-01       1.86014497e-01
      5.00000000e-01       3.04289542e-01       3.04289542e-01       1.85487117e-01       1.85487117e-01
      5.10000000e-01       3.04467683e-01       3.04467683e-01       1.84960570e-01       1.84960570e-01
      5.20000000e-01       3.04655367e-01       3.04655367e-01       1.84435356e-01       1.84435356e-01
      5.30000000e-01       3.04852776e-01       3.04852776e-01       1.83911966e-01       1.83911966e-01
      5.40000000e-01       3.05060086e-01       3.05060086e-01       1.83390887e-01       1.83390887e-01
      5.50000000e-01       3.05277459e-01       3.05277459e-01       1.82872597e-01       1.82872597e-01
      5.60000000e-01       3.05505046e-01       3.05505046e-01       1.82357566e-01       1.82357566e-01
      5.70000000e-01       3.05742988e-01       3.05742988e-01       1.81846255e-01       1.81846255e-01
      5.80000000e-01       3.05991411e-01       3.05991411e-01       1.81339114e-01       1.81339114e-01
      5.90000000e-01       3.06250431e-01       3.06250431e-01       1.80836585e-01       1.80836585e-01
      6.00000000e-01       3.06520149e-01       3.06520149e-01       1.80339098e-01       1.80339098e-01
      6.10000000e-01       3.06800653e-01       3.06800653e-01       1.79847072e-01       1.79847072e-01
      6.20000000e-01       3.07092018e-01       3.07092018e-01       1.79360916e-01       1.79360916e-01
      6.30000000e-01       3.07394303e-01       3.07394303e-01       1.78881023e-01       1.78881023e-01
      6.40000000e-01       3.07707555e-01       3.07707555e-01       1.78407776e-01       1.78407776e-01
      6.50000000e-01       3.08031803e-01       3.08031803e-01       1.77941545e-01       1.77941545e-01
      6.60000000e-01       3.08367062e-01       3.08367062e-01       1.77482686e-01       1.77482686e-01
      6.70000000e-01       3.08713334e-01       3.08713334e-01       1.77031540e-01       1.77031540e-01
      6.80000000e-01       3.09070603e-01       3.09070603e-01       1.76588435e-01       1.76588435e-01
      6.90000000e-01       3.09438836e-01       3.09438836e-01       1.76153682e-01       1.76153682e-01
      7.00000000e-01       3.09817987e-01       3.09817987e-01       1.75727580e-01       1.75727580e-01
      7.10000000e-01       3.10207991e-01       3.10207991e-01       1.75310411e-01       1.75310411e-01
      7.20000000e-01       3.10608769e-01       3.10608769e-01       1.74902441e-01       1.74902441e-01
      7.30000000e-01       3.11020225e-01       3.11020225e-01       1.74503921e-01       1.74503921e-01
      7.40000000e-01       3.11442245e-01       3.11442245e-01       1.74115084e-01       1.74115084e-01
      7.50000000e-01       3.11874700e-01       3.11874700e-01       1.73736150e-01       1.73736150e-01
      7.60000000e-01       3.12317444e-01       3.12317444e-01       1.73367319e-01       1.73367319e-01
      7.70000000e-01       3.12770314e-01       3.12770314e-01       1.73008775e-01       1.73008775e-01
      7.80000000e-01       3.13233130e-01       3.13233130e-01       1.72660688e-01       1.72660688e-01
      7.90000000e-01       3.13705698e-01       3.13705698e-01       1.72323208e-01       1.72323208e-01
      8.00000000e-01       3.14187804e-01       3.14187804e-01       1.71996469e-01       1.71996469e-01
      8.10000000e-01       3.14679220e-01       3.14679220e-01       1.71680587e-01       1.71680587e-01
      8.20000000e-01       3.15179701e-01       3.15179701e-01       1.71375663e-01       1.71375663e-01
      8.30000000e-01       3.15688986e-01       3.15688986e-01       1.71081780e-01       1.71081780e-01
      8.40000000e-01       3.16206799e-01       3.16206799e-01       1.70799004e-01       1.70799004e-01
      8.50000000e-01       3.16732848e-01       3.16732848e-01       1.70527382e-01       1.70527382e-01
      8.60000000e-01       3.17266824e-01       3.17266824e-01       1.70266949e-01       1.70266949e-01
      8.70000000e-01       3.17808405e-01       3.17808405e-01       1.70017719e-01       1.70017719e-01
      8.80000000e-01       3.18357253e-01       3.18357253e-01       1.69779691e-01       1.69779691e-01
      8.90000000e-01       3.18913015e-01       3.18913015e-01       1.69552848e-01       1.69552848e-01
      9.00000000e-01       3.19475327e-01       3.19475327e-01       1.69337156e-01       1.69337156e-01
      9.10000000e-01       3.20043806e-01       3.20043806e-01       1.69132566e-01       1.69132566e-01
      9.20000000e-01       3.20618061e-01       3.20618061e-01       1.68939012e-01       1.68939012e-01
      9.30000000e-01       3.21197683e-01       3.21197683e-01       1.68756413e-01       1.68756413e-01
      9.40000000e-01       3.21782255e-01       3.21782255e-01       1.68584675e-01       1.68584675e-01
      9.50000000e-01       3.22371344e-01       3.22371344e-01       1.68423687e-01       1.68423687e-01
      9.60000000e-01       3.22964508e-01       3.22964508e-01       1.68273323e-01       1.68273323e-01
      9.70000000e-01       3.23561292e-01       3.23561292e-01       1.68133445e-01       1.68133445e-01
      9.80000000e-01       3.24161233e-01       3.24161233e-01       1.68003900e-01       1.68003900e-01
      9.90000000e-01       3.24763855e-01       3.24763855e-01       1.67884522e-01       1.67884522e-01
      1.00000000e+00       3.25368675e-01       3.25368675e-01       1.67775132e-01       1.67775132e-01
      1.01000000e+00       3.25975198e-01       3.25975198e-01       1.67675540e-01       1.67675540e-01
      1.02000000e+00       3.26582925e-01       3.26582925e-01       1.67585541e-01       1.67585541e-01
      1.03000000e+00       3.27191345e-01       3.27191345e-01       1.67504923e-01       1.67504923e-01
      1.04000000e+00       3.27799942e-01       3.27799942e-01       1.67433459e-01       1.67433459e-01
      1.05000000e+00       3.28408194e-01       3.28408194e-01       1.67370914e-01       1.67370914e-01
      1.06000000e+00       3.29015572e-01       3.29015572e-01       1.67317042e-01       1.67317042e-01
      1.07000000e+00       3.29621543e-01       3.29621543e-01       1.67271589e-01       1.67271589e-01
      1.08000000e+00       3.30225568e-01       3.30225568e-01       1.67234290e-01       1.67234290e-01
      1.09000000e+00       3.30827106e-01       3.30827106e-01       1.67204874e-01       1.67204874e-01
      1.10000000e+00       3.31425611e-01       3.31425611e-01       1.67183062e-01       1.67183062e-01
      1.11000000e+00       3.32020537e-01       3.32020537e-01       1.67168568e-01       1.67168568e-01
      1.12000000e+00       3.32611334e-01       3.32611334e-01       1.67161098e-01       1.67161098e-01
      1.13000000e+00       3.33197453e-01       3.33197453e-01       1.67160354e-01       1.67160354e-01
      1.14000000e+00       3.33778342e-01       3.33778342e-01       1.67166033e-01       1.67166033e-01
      1.15000000e+00       3.34353454e-01       3.34353454e-01       1.67177827e-01       1.67177827e-01
      1.16000000e+00       3.34922239e-01       3.34922239e-01       1.67195423e-01       1.67195423e-01
      1.17000000e+00       3.35484150e-01       3.35484150e-01       1.67218507e-01       1.67218507e-01
      1.18000000e+00       3.36038644e-01       3.36038644e-01       1.67246760e-01       1.67246760e-01
      1.19000000e+00       3.36585181e-01       3.36585181e-01       1.67279864e-01       1.67279864e-01
      1.20000000e+00       3.37123225e-01       3.37123225e-01       1.67317496e-01       1.67317496e-01
      1.21000000e+00       3.37652243e-01       3.37652243e-01       1.67359335e-01       1.67359335e-01
      1.22000000e+00       3.38171711e-01       3.38171711e-01       1.67405060e-01       1.67405060e-01
      1.23000000e+00       3.38681108e-01       3.38681108e-01       1.67454348e-01       1.67454348e-01
      1.24000000e+00       3.39179923e-01       3.39179923e-01       1.67506880e-01       1.67506880e-01
      1.25000000e+00       3.39667651e-01       3.39667651e-01       1.67562339e-01       1.67562339e-01
      1.26000000e+00       3.40143794e-01       3.40143794e-01       1.67620407e-01       1.67620407e-01
      1.27000000e+00       3.40607867e-01       3.40607867e-01       1.67680773e-01       1.67680773e-01
      1.28000000e+00       3.41059391e-01       3.41059391e-01       1.67743127e-01       1.67743127e-01
      1.29000000e+00       3.41497900e-01       3.41497900e-01       1.67807165e-01       1.67807165e-01
      1.30000000e+00       3.41922937e-01       3.41922937e-01       1.67872587e-01       1.67872587e-01
      1.31000000e+00       3.42334058e-01       3.42334058e-01       1.67939099e-01       1.67939099e-01
      1.32000000e+00       3.42730831e-01       3.42730831e-01       1.68006412e-01       1.68006412e-01
      1.33000000e+00       3.43112838e-01       3.43112838e-01       1.68074244e-01       1.68074244e-01
      1.34000000e+00       3.43479672e-01       3.43479672e-01       1.68142321e-01       1.68142321e-01
      1.35000000e+00       3.43830941e-01       3.43830941e-01       1.68210376e-01       1.68210376e-01
      1.36000000e+00       3.44166271e-01       3.44166271e-01       1.68278148e-01       1.68278148e-01
      1.37000000e+00       3.44485297e-01       3.44485297e-01       1.68345389e-01       1.68345389e-01
      1.38000000e+00       3.44787675e-01       3.44787675e-01       1.68411856e-01       1.68411856e-01
      1.39000000e+00       3.45073075e-01       3.45073075e-01       1.68477318e-01       1.68477318e-01
      1.40000000e+00       3.45341183e-01       3.45341183e-01       1.68541552e-01       1.68541552e-01
      1.41000000e+00       3.45591704e-01       3.45591704e-01       1.68604347e-01       1.68604347e-01
      1.42000000e+00       3.45824358e-01       3.45824358e-01       1.68665503e-01       1.68665503e-01
      1.43000000e+00       3.46038885e-01       3.46038885e-01       1.68724828e-01       1.68724828e-01
      1.44000000e+00       3.46235043e-01       3.46235043e-01       1.68782146e-01       1.68782146e-01
      1.45000000e+00       3.46412608e-01       3.46412608e-01       1.68837289e-01       1.68837289e-01
      1.46000000e+00       3.46571374e-01       3.46571374e-01       1.68890104e-01       1.68890104e-01
      1.47000000e+00       3.46711157e-01       3.46711157e-01       1.68940447e-01       1.68940447e-01
      1.48000000e+00       3.46831791e-01       3.46831791e-01       1.68988190e-01       1.68988190e-01
      1.49000000e+00       3.46933128e-01       3.46933128e-01       1.69033216e-01       1.69033216e-01
      1.50000000e+00       3.47015043e-01       3.47015043e-01       1.69075422e-01       1.69075422e-01
      1.51000000e+00       3.47077430e-01       3.47077430e-01       1.69114717e-01       1.69114717e-01
      1.52000000e+00       3.47120202e-01       3.47120202e-01       1.69151024e-01       1.69151024e-01
      1.53000000e+00       3.47143295e-01       3.47143295e-01       1.69184281e-01       1.69184281e-01
      1.54000000e+00       3.47146663e-01       3.47146663e-01       1.69214438e-01       1.69214438e-01
      1.55000000e+00       3.47130283e-01       3.47130283e-01       1.69241458e-01       1.69241458e-01
      1.56000000e+00       3.47094152e-01       3.47094152e-01       1.69265320e-01       1.69265320e-01
      1.57000000e+00       3.47038286e-01       3.47038286e-01       1.69286015e-01       1.69286015e-01
      1.58000000e+00       3.46962723e-01       3.46962723e-01       1.69303548e-01       1.69303548e-01
      1.59000000e+00       3.46867523e-01       3.46867523e-01       1.69317940e-01       1.69317940e-01
      1.60000000e+00       3.46752765e-01       3.46752765e-01       1.69329222e-01       1.69329222e-01
      1.61000000e+00       3.46618548e-01       3.46618548e-01       1.69337441e-01       1.69337441e-01
      1.62000000e+00       3.46464993e-01       3.46464993e-01       1.69342659e-01       1.69342659e-01
      1.63000000e+00       3.46292240e-01       3.46292240e-01       1.69344947e-01       1.69344947e-01
      1.64000000e+00       3.46100449e-01       3.46100449e-01       1.69344393e-01       1.69344393e-01
      1.65000000e+00       3.45889801e-01       3.45889801e-01       1.69341097e-01       1.69341097e-01
      1.66000000e+00       3.45660496e-01       3.45660496e-01       1.69335172e-01       1.69335172e-01
      1.67000000e+00       3.45412753e-01       3.45412753e-01       1.69326743e-01       1.69326743e-01
      1.68000000e+00       3.45146810e-01       3.45146810e-01       1.69315947e-01       1.69315947e-01
      1.69000000e+00       3.44862925e-01       3.44862925e-01       1.69302935e-01       1.69302935e-01
      1.70000000e+00       3.44561372e-01       3.44561372e-01       1.69287869e-01       1.69287869e-01
      1.71000000e+00       3.44242444e-01       3.44242444e-01       1.69270921e-01       1.69270921e-01
      1.72000000e+00       3.43906454e-01       3.43906454e-01       1.69252276e-01       1.69252276e-01
      1.73000000e+00       3.43553729e-01       3.43553729e-01       1.69232129e-01       1.69232129e-01
      1.74000000e+00       3.43184613e-01       3.43184613e-01       1.69210685e-01       1.69210685e-01
      1.75000000e+00       3.42799469e-01       3.42799469e-01       1.69188160e-01       1.69188160e-01
      1.76000000e+00       3.42398673e-01       3.42398673e-01       1.69164779e-01       1.69164779e-01
      1.77000000e+00       3.41982617e-01       3.41982617e-01       1.69140775e-01       1.69140775e-01
      1.78000000e+00       3.41551709e-01       3.41551709e-01       1.69116392e-01       1.69116392e-01
      1.79000000e+00       3.41106370e-01       3.41106370e-01       1.69091881e-01       1.69091881e-01
      1.80000000e+00       3.40647034e-01       3.40647034e-01       1.69067499e-01       1.69067499e-01
      1.81000000e+00       3.40174149e-01       3.40174149e-01       1.69043512e-01       1.69043512e-01
      1.82000000e+00       3.39688177e-01       3.39688177e-01       1.69020193e-01       1.69020193e-01
      1.83000000e+00       3.39189589e-01       3.39189589e-01       1.68997819e-01       1.68997819e-01
      1.84000000e+00       3.38678869e-01       3.38678869e-01       1.68976675e-01       1.68976675e-01
      1.85000000e+00       3.38156510e-01       3.38156510e-01       1.68957049e-01       1.68957049e-01
      1.86000000e+00       3.37623017e-01       3.37623017e-01       1.68939234e-01       1.68939234e-01
      1.87000000e+00       3.37078903e-01       3.37078903e-01       1.68923526e-01       1.68923526e-01
      1.88000000e+00       3.36524690e-01       3.36524690e-01       1.68910226e-01       1.68910226e-01
      1.89000000e+00       3.35960906e-01       3.35960906e-01       1.68899635e-01       1.68899635e-01
      1.90000000e+00       3.35388089e-01       3.35388089e-01       1.68892059e-01       1.68892059e-01
      1.91000000e+00       3.34806781e-01       3.34806781e-01       1.68887803e-01       1.68887803e-01
      1.92000000e+00       3.34217532e-01       3.34217532e-01       1.68887172e-01       1.68887172e-01
      1.93000000e+00       3.33620895e-01       3.33620895e-01       1.68890474e-01       1.68890474e-01
      1.94000000e+00       3.33017427e-01       3.33017427e-01       1.68898014e-01       1.68898014e-01
      1.95000000e+00       3.32407692e-01       3.32407692e-01       1.68910096e-01       1.68910096e-01
      1.96000000e+00       3.31792252e-01       3.31792252e-01       1.68927024e-01       1.68927024e-01
      1.97000000e+00       3.31171674e-01       3.31171674e-01       1.68949098e-01       1.68949098e-01
      1.98000000e+00       3.30546525e-01       3.30546525e-01       1.68976614e-01       1.68976614e-01
      1.99000000e+00       3.29917374e-01       3.29917374e-01       1.69009867e-01       1.69009867e-01
      2.00000000e+00       3.29284789e-01       3.29284789e-01       1.69049144e-01       1.69049144e-01
      2.01000000e+00       3.28649337e-01       3.28649337e-01       1.69094730e-01       1.69094730e-01
      2.02000000e+00       3.28011583e-01       3.28011583e-01       1.69146904e-01       1.69146904e-01
      2.03000000e+00       3.27372090e-01       3.27372090e-01       1.69205938e-01       1.69205938e-01
      2.04000000e+00       3.26731418e-01       3.26731418e-01       1.69272097e-01       1.69272097e-01
      2.05000000e+00       3.26090124e-01       3.26090124e-01       1.69345639e-01       1.69345639e-01
      2.06000000e+00       3.25448759e-01       3.25448759e-01       1.69426814e-01       1.69426814e-01
      2.07000000e+00       3.24807869e-01       3.24807869e-01       1.69515864e-01       1.69515864e-01
      2.08000000e+00       3.24167997e-01       3.24167997e-01       1.69613021e-01       1.69613021e-01
      2.09000000e+00       3.23529674e-01       3.23529674e-01       1.69718508e-01       1.69718508e-01
      2.10000000e+00       3.22893430e-01       3.22893430e-01       1.69832537e-01       1.69832537e-01
      2.11000000e+00       3.22259783e-01       3.22259783e-01       1.69955311e-01       1.69955311e-01
      2.12000000e+00       3.21629243e-01       3.21629243e-01       1.70087021e-01       1.70087021e-01
      2.13000000e+00       3.21002313e-01       3.21002313e-01       1.70227844e-01       1.70227844e-01
      2.14000000e+00       3.20379484e-01       3.20379484e-01       1.70377949e-01       1.70377949e-01
      2.15000000e+00       3.19761239e-01       3.19761239e-01       1.70537490e-01       1.70537490e-01
      2.16000000e+00       3.19148049e-01       3.19148049e-01       1.70706609e-01       1.70706609e-01
      2.17000000e+00       3.18540373e-01       3.18540373e-01       1.70885433e-01       1.70885433e-01
      2.18000000e+00       3.17938660e-01       3.17938660e-01       1.71074076e-01       1.71074076e-01
      2.19000000e+00       3.17343344e-01       3.17343344e-01       1.71272640e-01       1.71272640e-01
      2.20000000e+00       3.16754850e-01       3.16754850e-01       1.71481210e-01       1.71481210e-01
      2.21000000e+00       3.16173586e-01       3.16173586e-01       1.71699856e-01       1.71699856e-01
      2.22000000e+00       3.15599948e-01       3.15599948e-01       1.71928635e-01       1.71928635e-01
      2.23000000e+00       3.15034318e-01       3.15034318e-01       1.72167587e-01       1.72167587e-01
      2.24000000e+00       3.14477063e-01       3.14477063e-01       1.72416738e-01       1.72416738e-01
      2.25000000e+00       3.13928536e-01       3.13928536e-01       1.72676096e-01       1.72676096e-01
      2.26000000e+00       3.13389073e-01       3.13389073e-01       1.72945654e-01       1.72945654e-01
      2.27000000e+00       3.12858998e-01       3.12858998e-01       1.73225390e-01       1.73225390e-01
      2.28000000e+00       3.12338614e-01       3.12338614e-01       1.73515265e-01       1.73515265e-01
      2.29000000e+00       3.11828213e-01       3.11828213e-01       1.73815222e-01       1.73815222e-01
      2.30000000e+00       3.11328067e-01       3.11328067e-01       1.74125189e-01       1.74125189e-01
      2.31000000e+00       3.10838434e-01       3.10838434e-01       1.74445078e-01       1.74445078e-01
      2.32000000e+00       3.10359554e-01       3.10359554e-01       1.74774783e-01       1.74774783e-01
      2.33000000e+00       3.09891650e-01       3.09891650e-01       1.75114183e-01       1.75114183e-01
      2.34000000e+00       3.09434930e-01       3.09434930e-01       1.75463138e-01       1.75463138e-01
      2.35000000e+00       3.08989582e-01       3.08989582e-01       1.75821494e-01       1.75821494e-01
      2.36000000e+00       3.08555780e-01       3.08555780e-01       1.76189079e-01       1.76189079e-01
      2.37000000e+00       3.08133677e-01       3.08133677e-01       1.76565705e-01       1.76565705e-01
      2.38000000e+00       3.07723413e-01       3.07723413e-01       1.76951168e-01       1.76951168e-01
      2.39000000e+00       3.07325108e-01       3.07325108e-01       1.77345247e-01       1.77345247e-01
      2.40000000e+00       3.06938866e-01       3.06938866e-01       1.77747708e-01       1.77747708e-01
      2.41000000e+00       3.06564774e-01       3.06564774e-01       1.78158297e-01       1.78158297e-01
      2.42000000e+00       3.06202900e-01       3.06202900e-01       1.78576748e-01       1.78576748e-01
      2.43000000e+00       3.05853298e-01       3.05853298e-01       1.79002778e-01       1.79002778e-01
      2.44000000e+00       3.05516005e-01       3.05516005e-01       1.79436090e-01       1.79436090e-01
      2.45000000e+00       3.05191038e-01       3.05191038e-01       1.79876372e-01       1.79876372e-01
      2.46000000e+00       3.04878402e-01       3.04878402e-01       1.80323298e-01       1.80323298e-01
      2.47000000e+00       3.04578084e-01       3.04578084e-01       1.80776529e-01       1.80776529e-01
      2.48000000e+00       3.04290055e-01       3.04290055e-01       1.81235710e-01       1.81235710e-01
      2.49000000e+00       3.04014270e-01       3.04014270e-01       1.81700476e-01       1.81700476e-01
      2.50000000e+00       3.03750669e-01       3.03750669e-01       1.82170447e-01       1.82170447e-01
      2.51000000e+00       3.03499178e-01       3.03499178e-01       1.82645232e-01       1.82645232e-01
      2.52000000e+00       3.03259707e-01       3.03259707e-01       1.83124429e-01       1.83124429e-01
      2.53000000e+00       3.03032152e-01       3.03032152e-01       1.83607622e-01       1.83607622e-01
      2.54000000e+00       3.02816395e-01       3.02816395e-01       1.84094388e-01       1.84094388e-01
      2.55000000e+00       3.02612306e-01       3.02612306e-01       1.84584291e-01       1.84584291e-01
      2.56000000e+00       3.02419740e-01       3.02419740e-01       1.85076887e-01       1.85076887e-01
      2.57000000e+00       3.02238540e-01       3.02238540e-01       1.85571723e-01       1.85571723e-01
      2.58000000e+00       3.02068536e-01       3.02068536e-01       1.86068336e-01       1.86068336e-01
      2.59000000e+00       3.01909548e-01       3.01909548e-01       1.86566257e-01       1.86566257e-01
      2.60000000e+00       3.01761383e-01       3.01761383e-01       1.87065009e-01       1.87065009e-01
      2.61000000e+00       3.01623839e-01       3.01623839e-01       1.87564109e-01       1.87564109e-01
      2.62000000e+00       3.01496702e-01       3.01496702e-01       1.88063067e-01       1.88063067e-01
      2.63000000e+00       3.01379749e-01       3.01379749e-01       1.88561389e-01       1.88561389e-01
      2.64000000e+00       3.01272749e-01       3.01272749e-01       1.89058575e-01       1.89058575e-01
      2.65000000e+00       3.01175462e-01       3.01175462e-01       1.89554124e-01       1.89554124e-01
      2.66000000e+00       3.01087637e-01       3.01087637e-01       1.90047527e-01       1.90047527e-01
      2.67000000e+00       3.01009021e-01       3.01009021e-01       1.90538278e-01       1.90538278e-01
      2.68000000e+00       3.00939349e-01       3.00939349e-01       1.91025865e-01       1.91025865e-01
      2.69000000e+00       3.00878353e-01       3.00878353e-01       1.91509777e-01       1.91509777e-01
      2.70000000e+00       3.00825759e-01       3.00825759e-01       1.91989501e-01       1.91989501e-01
