      1.00000000e-02       1.24651060e-01       1.00988297e+00       2.00000000e+00       1.20890734e+00       3.62672201e+00       1.00000000e+00       1.00000000e+00       1.00000000e+00       1.00000000e+00       1.00000000e+00      -6.07040498e-17      -6.07040498e-17       0.00000000e+00       1.58993407e-16       0.00000000e+00
      2.00000000e-02       1.24635334e-01       1.00982896e+00       2.00000000e+00       1.20890409e+00       3.62671226e+00       1.00000000e+00       1.00000000e+00       1.00000000e+00       1.00000000e+00       1.00000000e+00      -6.07040498e-17      -6.07040498e-17       0.00000000e+00       1.58993407e-16       0.00000000e+00
      3.00000000e-02       1.24609144e-01       1.00973903e+00       2.00000000e+00       1.20889875e+00       3.62669625e+00       1.00000000e+00       1.00000000e+00       1.00000000e+00       1.00000000e+00       1.00000000e+00      -6.07040498e-17      -6.07040498e-17       0.00000000e+00       1.58993407e-16       0.00000000e+00
      4.00000000e-02       1.24572521e-01       1.00961337e+00       2.00000000e+00       1.20889146e+00       3.62667437e+00       1.00000000e+00       1.00000000e+00       1.00000000e+00       1.00000000e+00       1.00000000e+00      -6.07040498e-17      -6.07040498e-17       0.00000000e+00       1.58993407e-16       0.00000000e+00
      5.00000000e-02       1.24525506e-01       1.00945219e+00       2.00000000e+00       1.20888238e+00       3.62664713e+00       1.00000000e+00       1.00000000e+00       1.00000000e+00       1.00000000e+00       1.00000000e+00      -6.07040498e-17      -6.07040498e-17       0.00000000e+00       1.58993407e-16       0.00000000e+00
      6.00000000e-02       1.24468153e-01       1.00925578e+00       2.00000000e+00       1.20887174e+00       3.62661521e+00       1.00000000e+00       1.00000000e+00       1.00000000e+00       1.00000000e+00       1.00000000e+00      -6.07040498e-17      -6.07040498e-17       0.00000000e+00       1.58993407e-16       0.00000000e+00
      7.00000000e-02       1.24400529e-01       1.00902450e+00       2.00000000e+00       1.20885981e+00       3.62657943e+00       1.00000000e+00       1.00000000e+00       1.00000000e+00       1.00000000e+00       1.00000000e+00      -6.07040498e-17      -6.07040498e-17       0.00000000e+00       1.58993407e-16       0.00000000e+00
      8.00000000e-02       1.24322712e-01       1.00875877e+00       2.00000000e+00       1.20884691e+00       3.62654074e+00       1.00000000e+00       1.00000000e+00       1.00000000e+00       1.00000000e+00       1.00000000e+00      -6.07040498e-17      -6.07040498e-17       0.00000000e+00       1.58993407e-16       0.00000000e+00
      9.00000000e-02       1.24234789e-01       1.00845906e+00       2.00000000e+00       1.20883341e+00       3.62650024e+00       1.00000000e+00       1.00000000e+00       1.00000000e+00       1.00000000e+00       1.00000000e+00      -6.07040498e-17      -6.07040498e-17       0.00000000e+00       1.58993407e-16       0.00000000e+00
      1.00000000e-01       1.24136864e-01       1.00812591e+00       2.00000000e+00       1.20881973e+00       3.62645919e+00       1.00000000e+00       1.00000000e+00       1.00000000e+00       1.00000000e+00       1.00000000e+00      -6.07040498e-17      -6.07040498e-17       0.00000000e+00       1.58993407e-16       0.00000000e+00
      1.10000000e-01       1.24029047e-01       1.00775993e+00       2.00000000e+00       1.20880632e+00       3.62641897e+00       1.00000000e+00       1.00000000e+00       1.00000000e+00       1.00000000e+00       1.00000000e+00      -6.07040498e-17      -6.07040498e-17       0.00000000e+00       1.58993407e-16       0.00000000e+00
      1.20000000e-01       1.23911462e-01       1.00736177e+00       2.00000000e+00       1.20879370e+00       3.62638109e+00       1.00000000e+00       1.00000000e+00       1.00000000e+00       1.00000000e+00       1.00000000e+00      -6.07040498e-17      -6.07040498e-17       0.00000000e+00       1.58993407e-16       0.00000000e+00
      1.30000000e-01       1.23784244e-01       1.00693216e+00       2.00000000e+00       1.20878240e+00       3.62634721e+00       1.00000000e+00       1.00000000e+00       1.00000000e+00       1.00000000e+00       1.00000000e+00      -6.07040498e-17      -6.07040498e-17       0.00000000e+00       1.58993407e-16       0.00000000e+00
      1.40000000e-01       1.23647537e-01       1.00647186e+00       2.00000000e+00       1.20877303e+00       3.62631909e+00       1.00000000e+00       1.00000000e+00       1.00000000e+00       1.00000000e+00       1.00000000e+00      -6.07040498e-17      -6.07040498e-17       0.00000000e+00       1.58993407e-16       0.00000000e+00
      1.50000000e-01       1.23501499e-01       1.00598172e+00       2.00000000e+00       1.20876622e+00       3.62629865e+00       1.00000000e+00       1.00000000e+00       1.00000000e+00       1.00000000e+00       1.00000000e+00      -6.07040498e-17      -6.07040498e-17       0.00000000e+00       1.58993407e-16       0.00000000e+00
      1.60000000e-01       1.23346295e-01       1.00546261e+00       2.00000000e+00       1.20876264e+00       3.62628791e+00       1.00000000e+00       1.00000000e+00       1.00000000e+00       1.00000000e+00       1.00000000e+00      -6.07040498e-17      -6.07040498e-17       0.00000000e+00       1.58993407e-16       0.00000000e+00
      1.70000000e-01       1.23182102e-01       1.00491548e+00       2.00000000e+00       1.20876300e+00       3.62628900e+00       1.00000000e+00       1.00000000e+00       1.00000000e+00       1.00000000e+00       1.00000000e+00      -6.07040498e-17      -6.07040498e-17       0.00000000e+00       1.58993407e-16       0.00000000e+00
      1.80000000e-01       1.23009106e-01       1.00434132e+00       2.00000000e+00       1.20876806e+00       3.62630419e+00       1.00000000e+00       1.00000000e+00       1.00000000e+00       1.00000000e+00       1.00000000e+00      -6.07040498e-17      -6.07040498e-17       0.00000000e+00       1.58993407e-16       0.00000000e+00
      1.90000000e-01       1.22827503e-01       1.00374116e+00       2.00000000e+00       1.20877861e+00       3.62633583e+00       1.00000000e+00       1.00000000e+00       1.00000000e+00       1.00000000e+00       1.00000000e+00      -6.07040498e-17      -6.07040498e-17       0.00000000e+00       1.58993407e-16       0.00000000e+00
      2.00000000e-01       1.22637499e-01       1.00311610e+00       2.00000000e+00       1.20879546e+00       3.62638638e+00       1.00000000e+00       1.00000000e+00       1.00000000e+00       1.00000000e+00       1.00000000e+00      -6.07040498e-17      -6.07040498e-17       0.00000000e+00       1.58993407e-16       0.00000000e+00
      2.10000000e-01       1.22439308e-01       1.00246727e+00       2.00000000e+00       1.20881947e+00       3.62645841e+00       1.00000000e+00       1.00000000e+00       1.00000000e+00       1.00000000e+00       1.00000000e+00      -6.07040498e-17      -6.07040498e-17       0.00000000e+00       1.58993407e-16       0.00000000e+00
      2.20000000e-01       1.22233153e-01       1.00179584e+00       2.00000000e+00       1.20885152e+00       3.62655457e+00       1.00000000e+00       1.00000000e+00       1.00000000e+00       1.00000000e+00       1.00000000e+00      -6.07040498e-17      -6.07040498e-17       0.00000000e+00       1.58993407e-16       0.00000000e+00
      2.30000000e-01       1.22019266e-01       1.00110305e+00       2.00000000e+00       1.20889254e+00       3.62667761e+00       1.00000000e+00       1.00000000e+00       1.00000000e+00       1.00000000e+00       1.00000000e+00      -6.07040498e-17      -6.07040498e-17       0.00000000e+00       1.58993407e-16       0.00000000e+00
      2.40000000e-01       1.21797887e-01       1.00039015e+00       2.00000000e+00       1.20894345e+00       3.62683034e+00       1.00000000e+00       1.00000000e+00       1.00000000e+00       1.00000000e+00       1.00000000e+00      -6.07040498e-17      -6.07040498e-17       0.00000000e+00       1.58993407e-16       0.00000000e+00
      2.50000000e-01       1.21569263e-01       9.99658443e-01       2.00000000e+00       1.20900522e+00       3.62701566e+00       1.00000000e+00       1.00000000e+00       1.00000000e+00       1.00000000e+00       1.00000000e+00      -6.07040498e-17      -6.07040498e-17       0.00000000e+00       1.58993407e-16       0.00000000e+00
      2.60000000e-01       1.21333648e-01       9.98909261e-01       2.00000000e+00       1.20907885e+00       3.62723654e+00       1.00000000e+00       1.00000000e+00       1.00000000e+00       1.00000000e+00       1.00000000e+00      -6.07040498e-17      -6.07040498e-17       0.00000000e+00       1.58993407e-16       0.00000000e+00
      2.70000000e-01       1.21091306e-01       9.98143976e-01       2.00000000e+00       1.20916534e+00       3.62749601e+00       1.00000000e+00       1.00000000e+00       1.00000000e+00       1.00000000e+00       1.00000000e+00      -6.07040498e-17      -6.07040498e-17       0.00000000e+00       1.58993407e-16       0.00000000e+00
      2.80000000e-01       1.20842503e-01       9.97363987e-01       2.00000000e+00       1.20926572e+00       3.62779715e+00       1.00000000e+00       1.00000000e+00       1.00000000e+00       1.00000000e+00       1.00000000e+00      -6.07040498e-17      -6.07040498e-17       0.00000000e+00       1.58993407e-16       0.00000000e+00
      2.90000000e-01       1.20587515e-01       9.96570726e-01       2.00000000e+00       1.20938104e+00       3.62814311e+00       1.00000000e+00       1.00000000e+00       1.00000000e+00       1.00000000e+00       1.00000000e+00      -6.07040498e-17      -6.07040498e-17       0.00000000e+00       1.58993407e-16       0.00000000e+00
      3.00000000e-01       1.20326623e-01       9.95765648e-01       2.00000000e+00       1.20951235e+00       3.62853705e+00       1.00000000e+00       1.00000000e+00       1.00000000e+00       1.00000000e+00       1.00000000e+00      -6.07040498e-17      -6.07040498e-17       0.00000000e+00       1.58993407e-16       0.00000000e+00
      3.10000000e-01       1.20060112e-01       9.94950234e-01       2.00000000e+00       1.20966073e+00       3.62898220e+00       1.00000000e+00       1.00000000e+00       1.00000000e+00       1.00000000e+00       1.00000000e+00      -6.07040498e-17      -6.07040498e-17       0.00000000e+00       1.58993407e-16       0.00000000e+00
      3.20000000e-01       1.19788274e-01       9.94125987e-01       2.00000000e+00       1.20982727e+00       3.62948180e+00       1.00000000e+00       1.00000000e+00       1.00000000e+00       1.00000000e+00       1.00000000e+00      -6.07040498e-17      -6.07040498e-17       0.00000000e+00       1.58993407e-16       0.00000000e+00
      3.30000000e-01       1.19511405e-01       9.93294427e-01       2.00000000e+00       1.21001304e+00       3.63003912e+00       1.00000000e+00       1.00000000e+00       1.00000000e+00       1.00000000e+00       1.00000000e+00      -6.07040498e-17      -6.07040498e-17       0.00000000e+00       1.58993407e-16       0.00000000e+00
      3.40000000e-01       1.19229804e-01       9.92457094e-01       2.00000000e+00       1.21021915e+00       3.63065745e+00       1.00000000e+00       1.00000000e+00       1.00000000e+00       1.00000000e+00       1.00000000e+00      -6.07040498e-17      -6.07040498e-17       0.00000000e+00       1.58993407e-16       0.00000000e+00
      3.50000000e-01       1.18943775e-01       9.91615539e-01       2.00000000e+00       1.21044669e+00       3.63134007e+00       1.00000000e+00       1.00000000e+00       1.00000000e+00       1.00000000e+00       1.00000000e+00      -6.07040498e-17      -6.07040498e-17       0.00000000e+00       1.58993407e-16       0.00000000e+00
      3.60000000e-01       1.18653626e-01       9.90771327e-01       2.00000000e+00       1.21069676e+00       3.63209028e+00       1.00000000e+00       1.00000000e+00       1.00000000e+00       1.00000000e+00       1.00000000e+00      -6.07040498e-17      -6.07040498e-17       0.00000000e+00       1.58993407e-16       0.00000000e+00
      3.70000000e-01       1.18359666e-01       9.89926029e-01       2.00000000e+00       1.21097046e+00       3.63291137e+00       1.00000000e+00       1.00000000e+00       1.00000000e+00       1.00000000e+00       1.00000000e+00      -6.07040498e-17      -6.07040498e-17       0.00000000e+00       1.58993407e-16       0.00000000e+00
      3.80000000e-01       1.18062209e-01       9.89081224e-01       2.00000000e+00       1.21126887e+00       3.63380661e+00       1.00000000e+00       1.00000000e+00       1.00000000e+00       1.00000000e+00       1.00000000e+00      -6.07040498e-17      -6.07040498e-17       0.00000000e+00       1.58993407e-16       0.00000000e+00
      3.90000000e-01       1.17761568e-01       9.88238494e-01       2.00000000e+00       1.21159308e+00       3.63477925e+00       1.00000000e+00       1.00000000e+00       1.00000000e+00       1.00000000e+00       1.00000000e+00      -6.07040498e-17      -6.07040498e-17       0.00000000e+00       1.58993407e-16       0.00000000e+00
      4.00000000e-01       1.17458061e-01       9.87399422e-01       2.00000000e+00       1.21194417e+00       3.63583252e+00       1.00000000e+00       1.00000000e+00       1.00000000e+00       1.00000000e+00       1.00000000e+00      -6.07040498e-17      -6.07040498e-17       0.00000000e+00       1.58993407e-16       0.00000000e+00
      4.10000000e-01       1.17152004e-01       9.86565588e-01       2.00000000e+00       1.21232320e+00       3.63696961e+00       1.00000000e+00       1.00000000e+00       1.00000000e+00       1.00000000e+00       1.00000000e+00      -6.07040498e-17      -6.07040498e-17       0.00000000e+00       1.58993407e-16       0.00000000e+00
      4.20000000e-01       1.16843716e-01       9.85738570e-01       2.00000000e+00       1.21273122e+00       3.63819366e+00       1.00000000e+00       1.00000000e+00       1.00000000e+00       1.00000000e+00       1.00000000e+00      -6.07040498e-17      -6.07040498e-17       0.00000000e+00       1.58993407e-16       0.00000000e+00
      4.30000000e-01       1.16533516e-01       9.84919936e-01       2.00000000e+00       1.21316926e+00       3.63950777e+00       1.00000000e+00       1.00000000e+00       1.00000000e+00       1.00000000e+00       1.00000000e+00      -6.07040498e-17      -6.07040498e-17       0.00000000e+00       1.58993407e-16       0.00000000e+00
      4.40000000e-01       1.16221721e-01       9.84111245e-01       2.00000000e+00       1.21363833e+00       3.64091498e+00       1.00000000e+00       1.00000000e+00       1.00000000e+00       1.00000000e+00       1.00000000e+00      -6.07040498e-17      -6.07040498e-17       0.00000000e+00       1.58993407e-16       0.00000000e+00
      4.50000000e-01       1.15908649e-01       9.83314045e-01       2.00000000e+00       1.21413942e+00       3.64241826e+00       1.00000000e+00       1.00000000e+00       1.00000000e+00       1.00000000e+00       1.00000000e+00      -6.07040498e-17      -6.07040498e-17       0.00000000e+00       1.58993407e-16       0.00000000e+00
      4.60000000e-01       1.15594617e-01       9.82529866e-01       2.00000000e+00       1.21467351e+00       3.64402052e+00       1.00000000e+00       1.00000000e+00       1.00000000e+00       1.00000000e+00       1.00000000e+00      -6.07040498e-17      -6.07040498e-17       0.00000000e+00       1.58993407e-16       0.00000000e+00
      4.70000000e-01       1.15279941e-01       9.81760222e-01       2.00000000e+00       1.21524153e+00       3.64572458e+00       1.00000000e+00       1.00000000e+00       1.00000000e+00       1.00000000e+00       1.00000000e+00      -6.07040498e-17      -6.07040498e-17       0.00000000e+00       1.58993407e-16       0.00000000e+00
      4.80000000e-01       1.14964933e-01       9.81006606e-01       2.00000000e+00       1.21584440e+00       3.64753319e+00       1.00000000e+00       1.00000000e+00       1.00000000e+00       1.00000000e+00       1.00000000e+00      -6.07040498e-17      -6.07040498e-17       0.00000000e+00       1.58993407e-16       0.00000000e+00
      4.90000000e-01       1.14649906e-01       9.80270490e-01       2.00000000e+00       1.21648299e+00       3.64944898e+00       1.00000000e+00       1.00000000e+00       1.00000000e+00       1.00000000e+00       1.00000000e+00      -6.07040498e-17      -6.07040498e-17       0.00000000e+00       1.58993407e-16       0.00000000e+00
      5.00000000e-01       1.14335166e-01       9.79553318e-01       2.00000000e+00       1.21715817e+00       3.65147450e+00       1.00000000e+00       1.00000000e+00       1.00000000e+00       1.00000000e+00       1.00000000e+00      -6.07040498e-17      -6.07040498e-17       0.00000000e+00       1.58993407e-16       0.00000000e+00
      5.10000000e-01       1.14021019e-01       9.78856507e-01       2.00000000e+00       1.21787073e+00       3.65361220e+00       1.00000000e+00       1.00000000e+00       1.00000000e+00       1.00000000e+00       1.00000000e+00      -6.07040498e-17      -6.07040498e-17       0.00000000e+00       1.58993407e-16       0.00000000e+00
      5.20000000e-01       1.13707767e-01       9.78181444e-01       2.00000000e+00       1.21862147e+00       3.65586440e+00       1.00000000e+00       1.00000000e+00       1.00000000e+00       1.00000000e+00       1.00000000e+00      -6.07040498e-17      -6.07040498e-17       0.00000000e+00       1.58993407e-16       0.00000000e+00
      5.30000000e-01       1.13395707e-01       9.77529485e-01       2.00000000e+00       1.21941111e+00       3.65823332e+00       1.00000000e+00       1.00000000e+00       1.00000000e+00       1.00000000e+00       1.00000000e+00      -6.07040498e-17      -6.07040498e-17       0.00000000e+00       1.58993407e-16       0.00000000e+00
      5.40000000e-01       1.13085133e-01       9.76901947e-01       2.00000000e+00       1.22024034e+00       3.66072103e+00       1.00000000e+00       1.00000000e+00       1.00000000e+00       1.00000000e+00       1.00000000e+00      -6.07040498e-17      -6.07040498e-17       0.00000000e+00       1.58993407e-16       0.00000000e+00
      5.50000000e-01       1.12776333e-01       9.76300113e-01       2.00000000e+00       1.22110984e+00       3.66332951e+00       1.00000000e+00       1.00000000e+00       1.00000000e+00       1.00000000e+00       1.00000000e+00      -6.07040498e-17      -6.07040498e-17       0.00000000e+00       1.58993407e-16       0.00000000e+00
      5.60000000e-01       1.12469590e-01       9.75725225e-01       2.00000000e+00       1.22202018e+00       3.66606055e+00       1.00000000e+00       1.00000000e+00       1.00000000e+00       1.00000000e+00       1.00000000e+00      -6.07040498e-17      -6.07040498e-17       0.00000000e+00       1.58993407e-16       0.00000000e+00
      5.70000000e-01       1.12165183e-01       9.75178485e-01       2.00000000e+00       1.22297195e+00       3.66891585e+00       1.00000000e+00       1.00000000e+00       1.00000000e+00       1.00000000e+00       1.00000000e+00      -6.07040498e-17      -6.07040498e-17       0.00000000e+00       1.58993407e-16       0.00000000e+00
      5.80000000e-01       1.11863383e-01       9.74661050e-01       2.00000000e+00       1.22396564e+00       3.67189693e+00       1.00000000e+00       1.00000000e+00       1.00000000e+00       1.00000000e+00       1.00000000e+00      -6.07040498e-17      -6.07040498e-17       0.00000000e+00       1.58993407e-16       0.00000000e+00
      5.90000000e-01       1.11564455e-01       9.74174032e-01       2.00000000e+00       1.22500172e+00       3.67500517e+00       1.00000000e+00       1.00000000e+00       1.00000000e+00       1.00000000e+00       1.00000000e+00      -6.07040498e-17      -6.07040498e-17       0.00000000e+00       1.58993407e-16       0.00000000e+00
      6.00000000e-01       1.11268660e-01       9.73718494e-01       2.00000000e+00       1.22608060e+00       3.67824179e+00       1.00000000e+00       1.00000000e+00       1.00000000e+00       1.00000000e+00       1.00000000e+00      -6.07040498e-17      -6.07040498e-17       0.00000000e+00       1.58993407e-16       0.00000000e+00
      6.10000000e-01       1.10976250e-01       9.73295452e-01       2.00000000e+00       1.22720261e+00       3.68160784e+00       1.00000000e+00       1.00000000e+00       1.00000000e+00       1.00000000e+00       1.00000000e+00      -6.07040498e-17      -6.07040498e-17       0.00000000e+00       1.58993407e-16       0.00000000e+00
      6.20000000e-01       1.10687470e-01       9.72905867e-01       2.00000000e+00       1.22836807e+00       3.68510422e+00       1.00000000e+00       1.00000000e+00       1.00000000e+00       1.00000000e+00       1.00000000e+00      -6.07040498e-17      -6.07040498e-17       0.00000000e+00       1.58993407e-16       0.00000000e+00
      6.30000000e-01       1.10402557e-01       9.72550652e-01       2.00000000e+00       1.22957721e+00       3.68873164e+00       1.00000000e+00       1.00000000e+00       1.00000000e+00       1.00000000e+00       1.00000000e+00      -6.07040498e-17      -6.07040498e-17       0.00000000e+00       1.58993407e-16       0.00000000e+00
      6.40000000e-01       1.10121741e-01       9.72230662e-01       2.00000000e+00       1.23083022e+00       3.69249066e+00       1.00000000e+00       1.00000000e+00       1.00000000e+00       1.00000000e+00       1.00000000e+00      -6.07040498e-17      -6.07040498e-17       0.00000000e+00       1.58993407e-16       0.00000000e+00
      6.50000000e-01       1.09845245e-01       9.71946696e-01       2.00000000e+00       1.23212721e+00       3.69638163e+00       1.00000000e+00       1.00000000e+00       1.00000000e+00       1.00000000e+00       1.00000000e+00      -6.07040498e-17      -6.07040498e-17       0.00000000e+00       1.58993407e-16       0.00000000e+00
      6.60000000e-01       1.09573282e-01       9.71699497e-01       2.00000000e+00       1.23346825e+00       3.70040475e+00       1.00000000e+00       1.00000000e+00       1.00000000e+00       1.00000000e+00       1.00000000e+00      -6.07040498e-17      -6.07040498e-17       0.00000000e+00       1.58993407e-16       0.00000000e+00
      6.70000000e-01       1.09306057e-01       9.71489749e-01       2.00000000e+00       1.23485334e+00       3.70456001e+00       1.00000000e+00       1.00000000e+00       1.00000000e+00       1.00000000e+00       1.00000000e+00      -6.07040498e-17      -6.07040498e-17       0.00000000e+00       1.58993407e-16       0.00000000e+00
      6.80000000e-01       1.09043767e-01       9.71318074e-01       2.00000000e+00       1.23628241e+00       3.70884723e+00       1.00000000e+00       1.00000000e+00       1.00000000e+00       1.00000000e+00       1.00000000e+00      -6.07040498e-17      -6.07040498e-17       0.00000000e+00       1.58993407e-16       0.00000000e+00
      6.90000000e-01       1.08786598e-01       9.71185036e-01       2.00000000e+00       1.23775534e+00       3.71326603e+00       1.00000000e+00       1.00000000e+00       1.00000000e+00       1.00000000e+00       1.00000000e+00      -6.07040498e-17      -6.07040498e-17       0.00000000e+00       1.58993407e-16       0.00000000e+00
      7.00000000e-01       1.08534728e-01       9.71091134e-01       2.00000000e+00       1.23927195e+00       3.71781584e+00       1.00000000e+00       1.00000000e+00       1.00000000e+00       1.00000000e+00       1.00000000e+00      -6.07040498e-17      -6.07040498e-17       0.00000000e+00       1.58993407e-16       0.00000000e+00
      7.10000000e-01       1.08288327e-01       9.71036804e-01       2.00000000e+00       1.24083196e+00       3.72249589e+00       1.00000000e+00       1.00000000e+00       1.00000000e+00       1.00000000e+00       1.00000000e+00      -6.07040498e-17      -6.07040498e-17       0.00000000e+00       1.58993407e-16       0.00000000e+00
      7.20000000e-01       1.08047552e-01       9.71022421e-01       2.00000000e+00       1.24243508e+00       3.72730523e+00       1.00000000e+00       1.00000000e+00       1.00000000e+00       1.00000000e+00       1.00000000e+00      -6.07040498e-17      -6.07040498e-17       0.00000000e+00       1.58993407e-16       0.00000000e+00
      7.30000000e-01       1.07812555e-01       9.71048292e-01       2.00000000e+00       1.24408090e+00       3.73224270e+00       1.00000000e+00       1.00000000e+00       1.00000000e+00       1.00000000e+00       1.00000000e+00      -6.07040498e-17      -6.07040498e-17       0.00000000e+00       1.58993407e-16       0.00000000e+00
      7.40000000e-01       1.07583473e-01       9.71114659e-01       2.00000000e+00       1.24576898e+00       3.73730694e+00       1.00000000e+00       1.00000000e+00       1.00000000e+00       1.00000000e+00       1.00000000e+00      -6.07040498e-17      -6.07040498e-17       0.00000000e+00       1.58993407e-16       0.00000000e+00
      7.50000000e-01       1.07360437e-01       9.71221700e-01       2.00000000e+00       1.24749880e+00       3.74249640e+00       1.00000000e+00       1.00000000e+00       1.00000000e+00       1.00000000e+00       1.00000000e+00      -6.07040498e-17      -6.07040498e-17       0.00000000e+00       1.58993407e-16       0.00000000e+00
      7.60000000e-01       1.07143566e-01       9.71369525e-01       2.00000000e+00       1.24926978e+00       3.74780933e+00       1.00000000e+00       1.00000000e+00       1.00000000e+00       1.00000000e+00       1.00000000e+00      -6.07040498e-17      -6.07040498e-17       0.00000000e+00       1.58993407e-16       0.00000000e+00
      7.70000000e-01       1.06932968e-01       9.71558179e-01       2.00000000e+00       1.25108126e+00       3.75324377e+00       1.00000000e+00       1.00000000e+00       1.00000000e+00       1.00000000e+00       1.00000000e+00      -6.07040498e-17      -6.07040498e-17       0.00000000e+00       1.58993407e-16       0.00000000e+00
      7.80000000e-01       1.06728744e-01       9.71787637e-01       2.00000000e+00       1.25293252e+00       3.75879756e+00       1.00000000e+00       1.00000000e+00       1.00000000e+00       1.00000000e+00       1.00000000e+00      -6.07040498e-17      -6.07040498e-17       0.00000000e+00       1.58993407e-16       0.00000000e+00
      7.90000000e-01       1.06530982e-01       9.72057811e-01       2.00000000e+00       1.25482279e+00       3.76446837e+00       1.00000000e+00       1.00000000e+00       1.00000000e+00       1.00000000e+00       1.00000000e+00      -6.07040498e-17      -6.07040498e-17       0.00000000e+00       1.58993407e-16       0.00000000e+00
      8.00000000e-01       1.06339759e-01       9.72368544e-01       2.00000000e+00       1.25675121e+00       3.77025364e+00       1.00000000e+00       1.00000000e+00       1.00000000e+00       1.00000000e+00       1.00000000e+00      -6.07040498e-17      -6.07040498e-17       0.00000000e+00       1.58993407e-16       0.00000000e+00
      8.10000000e-01       1.06155144e-01       9.72719613e-01       2.00000000e+00       1.25871688e+00       3.77615063e+00       1.00000000e+00       1.00000000e+00       1.00000000e+00       1.00000000e+00       1.00000000e+00      -6.07040498e-17      -6.07040498e-17       0.00000000e+00       1.58993407e-16       0.00000000e+00
      8.20000000e-01       1.05977195e-01       9.73110728e-01       2.00000000e+00       1.26071880e+00       3.78215641e+00       1.00000000e+00       1.00000000e+00       1.00000000e+00       1.00000000e+00       1.00000000e+00      -6.07040498e-17      -6.07040498e-17       0.00000000e+00       1.58993407e-16       0.00000000e+00
      8.30000000e-01       1.05805958e-01       9.73541532e-01       2.00000000e+00       1.26275594e+00       3.78826783e+00       1.00000000e+00       1.00000000e+00       1.00000000e+00       1.00000000e+00       1.00000000e+00      -6.07040498e-17      -6.07040498e-17       0.00000000e+00       1.58993407e-16       0.00000000e+00
      8.40000000e-01       1.05641470e-01       9.74011606e-01       2.00000000e+00       1.26482720e+00       3.79448159e+00       1.00000000e+00       1.00000000e+00       1.00000000e+00       1.00000000e+00       1.00000000e+00      -6.07040498e-17      -6.07040498e-17       0.00000000e+00       1.58993407e-16       0.00000000e+00
      8.50000000e-01       1.05483758e-01       9.74520460e-01       2.00000000e+00       1.26693139e+00       3.80079417e+00       1.00000000e+00       1.00000000e+00       1.00000000e+00       1.00000000e+00       1.00000000e+00      -6.07040498e-17      -6.07040498e-17       0.00000000e+00       1.58993407e-16       0.00000000e+00
      8.60000000e-01       1.05332838e-01       9.75067546e-01       2.00000000e+00       1.26906730e+00       3.80720189e+00       1.00000000e+00       1.00000000e+00       1.00000000e+00       1.00000000e+00       1.00000000e+00      -6.07040498e-17      -6.07040498e-17       0.00000000e+00       1.58993407e-16       0.00000000e+00
      8.70000000e-01       1.05188716e-01       9.75652248e-01       2.00000000e+00       1.27123362e+00       3.81370086e+00       1.00000000e+00       1.00000000e+00       1.00000000e+00       1.00000000e+00       1.00000000e+00      -6.07040498e-17      -6.07040498e-17       0.00000000e+00       1.58993407e-16       0.00000000e+00
      8.80000000e-01       1.05051387e-01       9.76273888e-01       2.00000000e+00       1.27342901e+00       3.82028703e+00       1.00000000e+00       1.00000000e+00       1.00000000e+00       1.00000000e+00       1.00000000e+00      -6.07040498e-17      -6.07040498e-17       0.00000000e+00       1.58993407e-16       0.00000000e+00
      8.90000000e-01       1.04920839e-01       9.76931727e-01       2.00000000e+00       1.27565206e+00       3.82695619e+00       1.00000000e+00       1.00000000e+00       1.00000000e+00       1.00000000e+00       1.00000000e+00      -6.07040498e-17      -6.07040498e-17       0.00000000e+00       1.58993407e-16       0.00000000e+00
      9.00000000e-01       1.04797047e-01       9.77624966e-01       2.00000000e+00       1.27790131e+00       3.83370392e+00       1.00000000e+00       1.00000000e+00       1.00000000e+00       1.00000000e+00       1.00000000e+00      -6.07040498e-17      -6.07040498e-17       0.00000000e+00       1.58993407e-16       0.00000000e+00
      9.10000000e-01       1.04679977e-01       9.78352744e-01       2.00000000e+00       1.28017523e+00       3.84052568e+00       1.00000000e+00       1.00000000e+00       1.00000000e+00       1.00000000e+00       1.00000000e+00      -6.07040498e-17      -6.07040498e-17       0.00000000e+00       1.58993407e-16       0.00000000e+00
      9.20000000e-01       1.04569588e-01       9.79114145e-01       2.00000000e+00       1.28247224e+00       3.84741673e+00       1.00000000e+00       1.00000000e+00       1.00000000e+00       1.00000000e+00       1.00000000e+00      -6.07040498e-17      -6.07040498e-17       0.00000000e+00       1.58993407e-16       0.00000000e+00
      9.30000000e-01       1.04465825e-01       9.79908193e-01       2.00000000e+00       1.28479073e+00       3.85437220e+00       1.00000000e+00       1.00000000e+00       1.00000000e+00       1.00000000e+00       1.00000000e+00      -6.07040498e-17      -6.07040498e-17       0.00000000e+00       1.58993407e-16       0.00000000e+00
      9.40000000e-01       1.04368628e-01       9.80733860e-01       2.00000000e+00       1.28712902e+00       3.86138706e+00       1.00000000e+00       1.00000000e+00       1.00000000e+00       1.00000000e+00       1.00000000e+00      -6.07040498e-17      -6.07040498e-17       0.00000000e+00       1.58993407e-16       0.00000000e+00
      9.50000000e-01       1.04277926e-01       9.81590061e-01       2.00000000e+00       1.28948538e+00       3.86845613e+00       1.00000000e+00       1.00000000e+00       1.00000000e+00       1.00000000e+00       1.00000000e+00      -6.07040498e-17      -6.07040498e-17       0.00000000e+00       1.58993407e-16       0.00000000e+00
      9.60000000e-01       1.04193639e-01       9.82475661e-01       2.00000000e+00       1.29185803e+00       3.87557409e+00       1.00000000e+00       1.00000000e+00       1.00000000e+00       1.00000000e+00       1.00000000e+00      -6.07040498e-17      -6.07040498e-17       0.00000000e+00       1.58993407e-16       0.00000000e+00
      9.70000000e-01       1.04115680e-01       9.83389474e-01       2.00000000e+00       1.29424517e+00       3.88273551e+00       1.00000000e+00       1.00000000e+00       1.00000000e+00       1.00000000e+00       1.00000000e+00      -6.07040498e-17      -6.07040498e-17       0.00000000e+00       1.58993407e-16       0.00000000e+00
      9.80000000e-01       1.04043952e-01       9.84330266e-01       2.00000000e+00       1.29664493e+00       3.88993480e+00       1.00000000e+00       1.00000000e+00       1.00000000e+00       1.00000000e+00       1.00000000e+00      -6.07040498e-17      -6.07040498e-17       0.00000000e+00       1.58993407e-16       0.00000000e+00
      9.90000000e-01       1.03978352e-01       9.85296754e-01       2.00000000e+00       1.29905542e+00       3.89716626e+00       1.00000000e+00       1.00000000e+00       1.00000000e+00       1.00000000e+00       1.00000000e+00      -6.07040498e-17      -6.07040498e-17       0.00000000e+00       1.58993407e-16       0.00000000e+00
      1.00000000e+00       1.03918766e-01       9.86287614e-01       2.00000000e+00       1.30147470e+00       3.90442410e+00       1.00000000e+00       1.00000000e+00       1.00000000e+00       1.00000000e+00       1.00000000e+00      -6.07040498e-17      -6.07040498e-17       0.00000000e+00       1.58993407e-16       0.00000000e+00
      1.01000000e+00       1.03865076e-01       9.87301476e-01       2.00000000e+00       1.30390079e+00       3.91170238e+00       1.00000000e+00       1.00000000e+00       1.00000000e+00       1.00000000e+00       1.00000000e+00      -6.07040498e-17      -6.07040498e-17       0.00000000e+00       1.58993407e-16       0.00000000e+00
      1.02000000e+00       1.03817154e-01       9.88336932e-01       2.00000000e+00       1.30633170e+00       3.91899510e+00       1.00000000e+00       1.00000000e+00       1.00000000e+00       1.00000000e+00       1.00000000e+00      -6.07040498e-17      -6.07040498e-17       0.00000000e+00       1.58993407e-16       0.00000000e+00
      1.03000000e+00       1.03774867e-01       9.89392536e-01       2.00000000e+00       1.30876538e+00       3.92629614e+00       1.00000000e+00       1.00000000e+00       1.00000000e+00       1.00000000e+00       1.00000000e+00      -6.07040498e-17      -6.07040498e-17       0.00000000e+00       1.58993407e-16       0.00000000e+00
      1.04000000e+00       1.03738075e-01       9.90466803e-01       2.00000000e+00       1.31119977e+00       3.93359931e+00       1.00000000e+00       1.00000000e+00       1.00000000e+00       1.00000000e+00       1.00000000e+00      -6.07040498e-17      -6.07040498e-17       0.00000000e+00       1.58993407e-16       0.00000000e+00
      1.05000000e+00       1.03706630e-01       9.91558217e-01       2.00000000e+00       1.31363278e+00       3.94089833e+00       1.00000000e+00       1.00000000e+00       1.00000000e+00       1.00000000e+00       1.00000000e+00      -6.07040498e-17      -6.07040498e-17       0.00000000e+00       1.58993407e-16       0.00000000e+00
      1.06000000e+00       1.03680381e-01       9.92665229e-01       2.00000000e+00       1.31606229e+00       3.94818687e+00       1.00000000e+00       1.00000000e+00       1.00000000e+00       1.00000000e+00       1.00000000e+00      -6.07040498e-17      -6.07040498e-17       0.00000000e+00       1.58993407e-16       0.00000000e+00
      1.07000000e+00       1.03659169e-01       9.93786264e-01       2.00000000e+00       1.31848617e+00       3.95545852e+00       1.00000000e+00       1.00000000e+00       1.00000000e+00       1.00000000e+00       1.00000000e+00      -6.07040498e-17      -6.07040498e-17       0.00000000e+00       1.58993407e-16       0.00000000e+00
      1.08000000e+00       1.03642830e-01       9.94919717e-01       2.00000000e+00       1.32090227e+00       3.96270682e+00       1.00000000e+00       1.00000000e+00       1.00000000e+00       1.00000000e+00       1.00000000e+00      -6.07040498e-17      -6.07040498e-17       0.00000000e+00       1.58993407e-16       0.00000000e+00
      1.09000000e+00       1.03631196e-01       9.96063961e-01       2.00000000e+00       1.32330842e+00       3.96992527e+00       1.00000000e+00       1.00000000e+00       1.00000000e+00       1.00000000e+00       1.00000000e+00      -6.07040498e-17      -6.07040498e-17       0.00000000e+00       1.58993407e-16       0.00000000e+00
      1.10000000e+00       1.03624094e-01       9.97217348e-01       2.00000000e+00       1.32570245e+00       3.97710734e+00       1.00000000e+00       1.00000000e+00       1.00000000e+00       1.00000000e+00       1.00000000e+00      -6.07040498e-17      -6.07040498e-17       0.00000000e+00       1.58993407e-16       0.00000000e+00
      1.11000000e+00       1.03621346e-01       9.98378210e-01       2.00000000e+00       1.32808215e+00       3.98424644e+00       1.00000000e+00       1.00000000e+00       1.00000000e+00       1.00000000e+00       1.00000000e+00      -6.07040498e-17      -6.07040498e-17       0.00000000e+00       1.58993407e-16       0.00000000e+00
      1.12000000e+00       1.03622772e-01       9.99544864e-01       2.00000000e+00       1.33044534e+00       3.99133601e+00       1.00000000e+00       1.00000000e+00       1.00000000e+00       1.00000000e+00       1.00000000e+00      -6.07040498e-17      -6.07040498e-17       0.00000000e+00       1.58993407e-16       0.00000000e+00
      1.13000000e+00       1.03628187e-01       1.00071561e+00       2.00000000e+00       1.33278981e+00       3.99836943e+00       1.00000000e+00       1.00000000e+00       1.00000000e+00       1.00000000e+00       1.00000000e+00      -6.07040498e-17      -6.07040498e-17       0.00000000e+00       1.58993407e-16       0.00000000e+00
      1.14000000e+00       1.03637403e-01       1.00188875e+00       2.00000000e+00       1.33511337e+00       4.00534011e+00       1.00000000e+00       1.00000000e+00       1.00000000e+00       1.00000000e+00       1.00000000e+00      -6.07040498e-17      -6.07040498e-17       0.00000000e+00       1.58993407e-16       0.00000000e+00
      1.15000000e+00       1.03650231e-01       1.00306256e+00       2.00000000e+00       1.33741382e+00       4.01224145e+00       1.00000000e+00       1.00000000e+00       1.00000000e+00       1.00000000e+00       1.00000000e+00      -6.07040498e-17      -6.07040498e-17       0.00000000e+00       1.58993407e-16       0.00000000e+00
      1.16000000e+00       1.03666476e-01       1.00423532e+00       2.00000000e+00       1.33968895e+00       4.01906686e+00       1.00000000e+00       1.00000000e+00       1.00000000e+00       1.00000000e+00       1.00000000e+00      -6.07040498e-17      -6.07040498e-17       0.00000000e+00       1.58993407e-16       0.00000000e+00
      1.17000000e+00       1.03685946e-01       1.00540531e+00       2.00000000e+00       1.34193660e+00       4.02580980e+00       1.00000000e+00       1.00000000e+00       1.00000000e+00       1.00000000e+00       1.00000000e+00      -6.07040498e-17      -6.07040498e-17       0.00000000e+00       1.58993407e-16       0.00000000e+00
      1.18000000e+00       1.03708443e-01       1.00657081e+00       2.00000000e+00       1.34415458e+00       4.03246373e+00       1.00000000e+00       1.00000000e+00       1.00000000e+00       1.00000000e+00       1.00000000e+00      -6.07040498e-17      -6.07040498e-17       0.00000000e+00       1.58993407e-16       0.00000000e+00
      1.19000000e+00       1.03733770e-01       1.00773009e+00       2.00000000e+00       1.34634073e+00       4.03902218e+00       1.00000000e+00       1.00000000e+00       1.00000000e+00       1.00000000e+00       1.00000000e+00      -6.07040498e-17      -6.07040498e-17       0.00000000e+00       1.58993407e-16       0.00000000e+00
      1.20000000e+00       1.03761730e-01       1.00888144e+00       2.00000000e+00       1.34849290e+00       4.04547870e+00       1.00000000e+00       1.00000000e+00       1.00000000e+00       1.00000000e+00       1.00000000e+00      -6.07040498e-17      -6.07040498e-17       0.00000000e+00       1.58993407e-16       0.00000000e+00
      1.21000000e+00       1.03792124e-01       1.01002316e+00       2.00000000e+00       1.35060897e+00       4.05182692e+00       1.00000000e+00       1.00000000e+00       1.00000000e+00       1.00000000e+00       1.00000000e+00      -6.07040498e-17      -6.07040498e-17       0.00000000e+00       1.58993407e-16       0.00000000e+00
      1.22000000e+00       1.03824753e-01       1.01115354e+00       2.00000000e+00       1.35268684e+00       4.05806053e+00       1.00000000e+00       1.00000000e+00       1.00000000e+00       1.00000000e+00       1.00000000e+00      -6.07040498e-17      -6.07040498e-17       0.00000000e+00       1.58993407e-16       0.00000000e+00
      1.23000000e+00       1.03859420e-01       1.01227091e+00       2.00000000e+00       1.35472443e+00       4.06417330e+00       1.00000000e+00       1.00000000e+00       1.00000000e+00       1.00000000e+00       1.00000000e+00      -6.07040498e-17      -6.07040498e-17       0.00000000e+00       1.58993407e-16       0.00000000e+00
      1.24000000e+00       1.03895927e-01       1.01337361e+00       2.00000000e+00       1.35671969e+00       4.07015908e+00       1.00000000e+00       1.00000000e+00       1.00000000e+00       1.00000000e+00       1.00000000e+00      -6.07040498e-17      -6.07040498e-17       0.00000000e+00       1.58993407e-16       0.00000000e+00
      1.25000000e+00       1.03934080e-01       1.01445998e+00       2.00000000e+00       1.35867060e+00       4.07601181e+00       1.00000000e+00       1.00000000e+00       1.00000000e+00       1.00000000e+00       1.00000000e+00      -6.07040498e-17      -6.07040498e-17       0.00000000e+00       1.58993407e-16       0.00000000e+00
      1.26000000e+00       1.03973682e-01       1.01552840e+00       2.00000000e+00       1.36057518e+00       4.08172553e+00       1.00000000e+00       1.00000000e+00       1.00000000e+00       1.00000000e+00       1.00000000e+00      -6.07040498e-17      -6.07040498e-17       0.00000000e+00       1.58993407e-16       0.00000000e+00
      1.27000000e+00       1.04014542e-01       1.01657728e+00       2.00000000e+00       1.36243147e+00       4.08729440e+00       1.00000000e+00       1.00000000e+00       1.00000000e+00       1.00000000e+00       1.00000000e+00      -6.07040498e-17      -6.07040498e-17       0.00000000e+00       1.58993407e-16       0.00000000e+00
      1.28000000e+00       1.04056470e-01       1.01760504e+00       2.00000000e+00       1.36423756e+00       4.09271269e+00       1.00000000e+00       1.00000000e+00       1.00000000e+00       1.00000000e+00       1.00000000e+00      -6.07040498e-17      -6.07040498e-17       0.00000000e+00       1.58993407e-16       0.00000000e+00
      1.29000000e+00       1.04099278e-01       1.01861013e+00       2.00000000e+00       1.36599160e+00       4.09797480e+00       1.00000000e+00       1.00000000e+00       1.00000000e+00       1.00000000e+00       1.00000000e+00      -6.07040498e-17      -6.07040498e-17       0.00000000e+00       1.58993407e-16       0.00000000e+00
      1.30000000e+00       1.04142782e-01       1.01959105e+00       2.00000000e+00       1.36769175e+00       4.10307524e+00       1.00000000e+00       1.00000000e+00       1.00000000e+00       1.00000000e+00       1.00000000e+00      -6.07040498e-17      -6.07040498e-17       0.00000000e+00       1.58993407e-16       0.00000000e+00
      1.31000000e+00       1.04186800e-01       1.02054631e+00       2.00000000e+00       1.36933623e+00       4.10800870e+00       1.00000000e+00       1.00000000e+00       1.00000000e+00       1.00000000e+00       1.00000000e+00      -6.07040498e-17      -6.07040498e-17       0.00000000e+00       1.58993407e-16       0.00000000e+00
      1.32000000e+00       1.04231155e-01       1.02147449e+00       2.00000000e+00       1.37092333e+00       4.11276998e+00       1.00000000e+00       1.00000000e+00       1.00000000e+00       1.00000000e+00       1.00000000e+00      -6.07040498e-17      -6.07040498e-17       0.00000000e+00       1.58993407e-16       0.00000000e+00
      1.33000000e+00       1.04275675e-01       1.02237416e+00       2.00000000e+00       1.37245135e+00       4.11735405e+00       1.00000000e+00       1.00000000e+00       1.00000000e+00       1.00000000e+00       1.00000000e+00      -6.07040498e-17      -6.07040498e-17       0.00000000e+00       1.58993407e-16       0.00000000e+00
      1.34000000e+00       1.04320189e-01       1.02324399e+00       2.00000000e+00       1.37391869e+00       4.12175606e+00       1.00000000e+00       1.00000000e+00       1.00000000e+00       1.00000000e+00       1.00000000e+00      -6.07040498e-17      -6.07040498e-17       0.00000000e+00       1.58993407e-16       0.00000000e+00
      1.35000000e+00       1.04364535e-01       1.02408263e+00       2.00000000e+00       1.37532377e+00       4.12597130e+00       1.00000000e+00       1.00000000e+00       1.00000000e+00       1.00000000e+00       1.00000000e+00      -6.07040498e-17      -6.07040498e-17       0.00000000e+00       1.58993407e-16       0.00000000e+00
      1.36000000e+00       1.04408552e-01       1.02488884e+00       2.00000000e+00       1.37666508e+00       4.12999525e+00       1.00000000e+00       1.00000000e+00       1.00000000e+00       1.00000000e+00       1.00000000e+00      -6.07040498e-17      -6.07040498e-17       0.00000000e+00       1.58993407e-16       0.00000000e+00
      1.37000000e+00       1.04452086e-01       1.02566137e+00       2.00000000e+00       1.37794119e+00       4.13382357e+00       1.00000000e+00       1.00000000e+00       1.00000000e+00       1.00000000e+00       1.00000000e+00      -6.07040498e-17      -6.07040498e-17       0.00000000e+00       1.58993407e-16       0.00000000e+00
      1.38000000e+00       1.04494990e-01       1.02639906e+00       2.00000000e+00       1.37915070e+00       4.13745210e+00       1.00000000e+00       1.00000000e+00       1.00000000e+00       1.00000000e+00       1.00000000e+00      -6.07040498e-17      -6.07040498e-17       0.00000000e+00       1.58993407e-16       0.00000000e+00
      1.39000000e+00       1.04537121e-01       1.02710079e+00       2.00000000e+00       1.38029230e+00       4.14087690e+00       1.00000000e+00       1.00000000e+00       1.00000000e+00       1.00000000e+00       1.00000000e+00      -6.07040498e-17      -6.07040498e-17       0.00000000e+00       1.58993407e-16       0.00000000e+00
      1.40000000e+00       1.04578343e-01       1.02776547e+00       2.00000000e+00       1.38136473e+00       4.14409420e+00       1.00000000e+00       1.00000000e+00       1.00000000e+00       1.00000000e+00       1.00000000e+00      -6.07040498e-17      -6.07040498e-17       0.00000000e+00       1.58993407e-16       0.00000000e+00
      1.41000000e+00       1.04618525e-01       1.02839210e+00       2.00000000e+00       1.38236681e+00       4.14710044e+00       1.00000000e+00       1.00000000e+00       1.00000000e+00       1.00000000e+00       1.00000000e+00      -6.07040498e-17      -6.07040498e-17       0.00000000e+00       1.58993407e-16       0.00000000e+00
      1.42000000e+00       1.04657545e-01       1.02897972e+00       2.00000000e+00       1.38329743e+00       4.14989229e+00       1.00000000e+00       1.00000000e+00       1.00000000e+00       1.00000000e+00       1.00000000e+00      -6.07040498e-17      -6.07040498e-17       0.00000000e+00       1.58993407e-16       0.00000000e+00
      1.43000000e+00       1.04695286e-01       1.02952743e+00       2.00000000e+00       1.38415554e+00       4.15246662e+00       1.00000000e+00       1.00000000e+00       1.00000000e+00       1.00000000e+00       1.00000000e+00      -6.07040498e-17      -6.07040498e-17       0.00000000e+00       1.58993407e-16       0.00000000e+00
      1.44000000e+00       1.04731638e-01       1.03003438e+00       2.00000000e+00       1.38494017e+00       4.15482052e+00       1.00000000e+00       1.00000000e+00       1.00000000e+00       1.00000000e+00       1.00000000e+00      -6.07040498e-17      -6.07040498e-17       0.00000000e+00       1.58993407e-16       0.00000000e+00
      1.45000000e+00       1.04766500e-01       1.03049979e+00       2.00000000e+00       1.38565043e+00       4.15695129e+00       1.00000000e+00       1.00000000e+00       1.00000000e+00       1.00000000e+00       1.00000000e+00      -6.07040498e-17      -6.07040498e-17       0.00000000e+00       1.58993407e-16       0.00000000e+00
      1.46000000e+00       1.04799776e-01       1.03092296e+00       2.00000000e+00       1.38628550e+00       4.15885649e+00       1.00000000e+00       1.00000000e+00       1.00000000e+00       1.00000000e+00       1.00000000e+00      -6.07040498e-17      -6.07040498e-17       0.00000000e+00       1.58993407e-16       0.00000000e+00
      1.47000000e+00       1.04831380e-01       1.03130321e+00       2.00000000e+00       1.38684463e+00       4.16053389e+00       1.00000000e+00       1.00000000e+00       1.00000000e+00       1.00000000e+00       1.00000000e+00      -6.07040498e-17      -6.07040498e-17       0.00000000e+00       1.58993407e-16       0.00000000e+00
      1.48000000e+00       1.04861232e-01       1.03163996e+00       2.00000000e+00       1.38732716e+00       4.16198149e+00       1.00000000e+00       1.00000000e+00       1.00000000e+00       1.00000000e+00       1.00000000e+00      -6.07040498e-17      -6.07040498e-17       0.00000000e+00       1.58993407e-16       0.00000000e+00
      1.49000000e+00       1.04889261e-01       1.03193269e+00       2.00000000e+00       1.38773251e+00       4.16319754e+00       1.00000000e+00       1.00000000e+00       1.00000000e+00       1.00000000e+00       1.00000000e+00      -6.07040498e-17      -6.07040498e-17       0.00000000e+00       1.58993407e-16       0.00000000e+00
      1.50000000e+00       1.04915403e-01       1.03218093e+00       2.00000000e+00       1.38806017e+00       4.16418052e+00       1.00000000e+00       1.00000000e+00       1.00000000e+00       1.00000000e+00       1.00000000e+00      -6.07040498e-17      -6.07040498e-17       0.00000000e+00       1.58993407e-16       0.00000000e+00
      1.51000000e+00       1.04939604e-01       1.03238429e+00       2.00000000e+00       1.38830972e+00       4.16492915e+00       1.00000000e+00       1.00000000e+00       1.00000000e+00       1.00000000e+00       1.00000000e+00      -6.07040498e-17      -6.07040498e-17       0.00000000e+00       1.58993407e-16       0.00000000e+00
      1.52000000e+00       1.04961817e-01       1.03254245e+00       2.00000000e+00       1.38848081e+00       4.16544242e+00       1.00000000e+00       1.00000000e+00       1.00000000e+00       1.00000000e+00       1.00000000e+00      -6.07040498e-17      -6.07040498e-17       0.00000000e+00       1.58993407e-16       0.00000000e+00
      1.53000000e+00       1.04982002e-01       1.03265515e+00       2.00000000e+00       1.38857318e+00       4.16571954e+00       1.00000000e+00       1.00000000e+00       1.00000000e+00       1.00000000e+00       1.00000000e+00      -6.07040498e-17      -6.07040498e-17       0.00000000e+00       1.58993407e-16       0.00000000e+00
      1.54000000e+00       1.05000129e-01       1.03272220e+00       2.00000000e+00       1.38858665e+00       4.16575996e+00       1.00000000e+00       1.00000000e+00       1.00000000e+00       1.00000000e+00       1.00000000e+00      -6.07040498e-17      -6.07040498e-17       0.00000000e+00       1.58993407e-16       0.00000000e+00
      1.55000000e+00       1.05016178e-01       1.03274348e+00       2.00000000e+00       1.38852113e+00       4.16556340e+00       1.00000000e+00       1.00000000e+00       1.00000000e+00       1.00000000e+00       1.00000000e+00      -6.07040498e-17      -6.07040498e-17       0.00000000e+00       1.58993407e-16       0.00000000e+00
      1.56000000e+00       1.05030133e-01       1.03271894e+00       2.00000000e+00       1.38837661e+00       4.16512982e+00       1.00000000e+00       1.00000000e+00       1.00000000e+00       1.00000000e+00       1.00000000e+00      -6.07040498e-17      -6.07040498e-17       0.00000000e+00       1.58993407e-16       0.00000000e+00
      1.57000000e+00       1.05041992e-01       1.03264860e+00       2.00000000e+00       1.38815314e+00       4.16445943e+00       1.00000000e+00       1.00000000e+00       1.00000000e+00       1.00000000e+00       1.00000000e+00      -6.07040498e-17      -6.07040498e-17       0.00000000e+00       1.58993407e-16       0.00000000e+00
      1.58000000e+00       1.05051756e-01       1.03253254e+00       2.00000000e+00       1.38785089e+00       4.16355268e+00       1.00000000e+00       1.00000000e+00       1.00000000e+00       1.00000000e+00       1.00000000e+00      -6.07040498e-17      -6.07040498e-17       0.00000000e+00       1.58993407e-16       0.00000000e+00
      1.59000000e+00       1.05059439e-01       1.03237093e+00       2.00000000e+00       1.38747009e+00       4.16241028e+00       1.00000000e+00       1.00000000e+00       1.00000000e+00       1.00000000e+00       1.00000000e+00      -6.07040498e-17      -6.07040498e-17       0.00000000e+00       1.58993407e-16       0.00000000e+00
      1.60000000e+00       1.05065061e-01       1.03216397e+00       2.00000000e+00       1.38701106e+00       4.16103318e+00       1.00000000e+00       1.00000000e+00       1.00000000e+00       1.00000000e+00       1.00000000e+00      -6.07040498e-17      -6.07040498e-17       0.00000000e+00       1.58993407e-16       0.00000000e+00
      1.61000000e+00       1.05068650e-01       1.03191198e+00       2.00000000e+00       1.38647419e+00       4.15942258e+00       1.00000000e+00       1.00000000e+00       1.00000000e+00       1.00000000e+00       1.00000000e+00      -6.07040498e-17      -6.07040498e-17       0.00000000e+00       1.58993407e-16       0.00000000e+00
      1.62000000e+00       1.05070245e-01       1.03161530e+00       2.00000000e+00       1.38585997e+00       4.15757991e+00       1.00000000e+00       1.00000000e+00       1.00000000e+00       1.00000000e+00       1.00000000e+00      -6.07040498e-17      -6.07040498e-17       0.00000000e+00       1.58993407e-16       0.00000000e+00
      1.63000000e+00       1.05069891e-01       1.03127437e+00       2.00000000e+00       1.38516896e+00       4.15550688e+00       1.00000000e+00       1.00000000e+00       1.00000000e+00       1.00000000e+00       1.00000000e+00      -6.07040498e-17      -6.07040498e-17       0.00000000e+00       1.58993407e-16       0.00000000e+00
      1.64000000e+00       1.05067640e-01       1.03088968e+00       2.00000000e+00       1.38440180e+00       4.15320539e+00       1.00000000e+00       1.00000000e+00       1.00000000e+00       1.00000000e+00       1.00000000e+00      -6.07040498e-17      -6.07040498e-17       0.00000000e+00       1.58993407e-16       0.00000000e+00
      1.65000000e+00       1.05063556e-01       1.03046180e+00       2.00000000e+00       1.38355921e+00       4.15067762e+00       1.00000000e+00       1.00000000e+00       1.00000000e+00       1.00000000e+00       1.00000000e+00      -6.07040498e-17      -6.07040498e-17       0.00000000e+00       1.58993407e-16       0.00000000e+00
      1.66000000e+00       1.05057708e-01       1.02999134e+00       2.00000000e+00       1.38264199e+00       4.14792596e+00       1.00000000e+00       1.00000000e+00       1.00000000e+00       1.00000000e+00       1.00000000e+00      -6.07040498e-17      -6.07040498e-17       0.00000000e+00       1.58993407e-16       0.00000000e+00
      1.67000000e+00       1.05050173e-01       1.02947899e+00       2.00000000e+00       1.38165101e+00       4.14495304e+00       1.00000000e+00       1.00000000e+00       1.00000000e+00       1.00000000e+00       1.00000000e+00      -6.07040498e-17      -6.07040498e-17       0.00000000e+00       1.58993407e-16       0.00000000e+00
      1.68000000e+00       1.05041036e-01       1.02892552e+00       2.00000000e+00       1.38058724e+00       4.14176172e+00       1.00000000e+00       1.00000000e+00       1.00000000e+00       1.00000000e+00       1.00000000e+00      -6.07040498e-17      -6.07040498e-17       0.00000000e+00       1.58993407e-16       0.00000000e+00
      1.69000000e+00       1.05030391e-01       1.02833172e+00       2.00000000e+00       1.37945170e+00       4.13835510e+00       1.00000000e+00       1.00000000e+00       1.00000000e+00       1.00000000e+00       1.00000000e+00      -6.07040498e-17      -6.07040498e-17       0.00000000e+00       1.58993407e-16       0.00000000e+00
      1.70000000e+00       1.05018335e-01       1.02769848e+00       2.00000000e+00       1.37824549e+00       4.13473646e+00       1.00000000e+00       1.00000000e+00       1.00000000e+00       1.00000000e+00       1.00000000e+00      -6.07040498e-17      -6.07040498e-17       0.00000000e+00       1.58993407e-16       0.00000000e+00
      1.71000000e+00       1.05004977e-01       1.02702673e+00       2.00000000e+00       1.37696978e+00       4.13090933e+00       1.00000000e+00       1.00000000e+00       1.00000000e+00       1.00000000e+00       1.00000000e+00      -6.07040498e-17      -6.07040498e-17       0.00000000e+00       1.58993407e-16       0.00000000e+00
      1.72000000e+00       1.04990430e-01       1.02631746e+00       2.00000000e+00       1.37562582e+00       4.12687745e+00       1.00000000e+00       1.00000000e+00       1.00000000e+00       1.00000000e+00       1.00000000e+00      -6.07040498e-17      -6.07040498e-17       0.00000000e+00       1.58993407e-16       0.00000000e+00
      1.73000000e+00       1.04974814e-01       1.02557171e+00       2.00000000e+00       1.37421492e+00       4.12264475e+00       1.00000000e+00       1.00000000e+00       1.00000000e+00       1.00000000e+00       1.00000000e+00      -6.07040498e-17      -6.07040498e-17       0.00000000e+00       1.58993407e-16       0.00000000e+00
      1.74000000e+00       1.04958257e-01       1.02479060e+00       2.00000000e+00       1.37273845e+00       4.11821536e+00       1.00000000e+00       1.00000000e+00       1.00000000e+00       1.00000000e+00       1.00000000e+00      -6.07040498e-17      -6.07040498e-17       0.00000000e+00       1.58993407e-16       0.00000000e+00
      1.75000000e+00       1.04940891e-01       1.02397526e+00       2.00000000e+00       1.37119788e+00       4.11359363e+00       1.00000000e+00       1.00000000e+00       1.00000000e+00       1.00000000e+00       1.00000000e+00      -6.07040498e-17      -6.07040498e-17       0.00000000e+00       1.58993407e-16       0.00000000e+00
      1.76000000e+00       1.04922854e-01       1.02312690e+00       2.00000000e+00       1.36959469e+00       4.10878408e+00       1.00000000e+00       1.00000000e+00       1.00000000e+00       1.00000000e+00       1.00000000e+00      -6.07040498e-17      -6.07040498e-17       0.00000000e+00       1.58993407e-16       0.00000000e+00
      1.77000000e+00       1.04904291e-01       1.02224679e+00       2.00000000e+00       1.36793047e+00       4.10379141e+00       1.00000000e+00       1.00000000e+00       1.00000000e+00       1.00000000e+00       1.00000000e+00      -6.07040498e-17      -6.07040498e-17       0.00000000e+00       1.58993407e-16       0.00000000e+00
      1.78000000e+00       1.04885352e-01       1.02133620e+00       2.00000000e+00       1.36620684e+00       4.09862051e+00       1.00000000e+00       1.00000000e+00       1.00000000e+00       1.00000000e+00       1.00000000e+00      -6.07040498e-17      -6.07040498e-17       0.00000000e+00       1.58993407e-16       0.00000000e+00
      1.79000000e+00       1.04866192e-01       1.02039650e+00       2.00000000e+00       1.36442548e+00       4.09327644e+00       1.00000000e+00       1.00000000e+00       1.00000000e+00       1.00000000e+00       1.00000000e+00      -6.07040498e-17      -6.07040498e-17       0.00000000e+00       1.58993407e-16       0.00000000e+00
      1.80000000e+00       1.04846970e-01       1.01942906e+00       2.00000000e+00       1.36258813e+00       4.08776440e+00       1.00000000e+00       1.00000000e+00       1.00000000e+00       1.00000000e+00       1.00000000e+00      -6.07040498e-17      -6.07040498e-17       0.00000000e+00       1.58993407e-16       0.00000000e+00
      1.81000000e+00       1.04827849e-01       1.01843532e+00       2.00000000e+00       1.36069660e+00       4.08208979e+00       1.00000000e+00       1.00000000e+00       1.00000000e+00       1.00000000e+00       1.00000000e+00      -6.07040498e-17      -6.07040498e-17       0.00000000e+00       1.58993407e-16       0.00000000e+00
      1.82000000e+00       1.04808998e-01       1.01741674e+00       2.00000000e+00       1.35875271e+00       4.07625813e+00       1.00000000e+00       1.00000000e+00       1.00000000e+00       1.00000000e+00       1.00000000e+00      -6.07040498e-17      -6.07040498e-17       0.00000000e+00       1.58993407e-16       0.00000000e+00
      1.83000000e+00       1.04790588e-01       1.01637482e+00       2.00000000e+00       1.35675836e+00       4.07027507e+00       1.00000000e+00       1.00000000e+00       1.00000000e+00       1.00000000e+00       1.00000000e+00      -6.07040498e-17      -6.07040498e-17       0.00000000e+00       1.58993407e-16       0.00000000e+00
      1.84000000e+00       1.04772794e-01       1.01531109e+00       2.00000000e+00       1.35471548e+00       4.06414643e+00       1.00000000e+00       1.00000000e+00       1.00000000e+00       1.00000000e+00       1.00000000e+00      -6.07040498e-17      -6.07040498e-17       0.00000000e+00       1.58993407e-16       0.00000000e+00
      1.85000000e+00       1.04755795e-01       1.01422712e+00       2.00000000e+00       1.35262604e+00       4.05787812e+00       1.00000000e+00       1.00000000e+00       1.00000000e+00       1.00000000e+00       1.00000000e+00      -6.07040498e-17      -6.07040498e-17       0.00000000e+00       1.58993407e-16       0.00000000e+00
      1.86000000e+00       1.04739770e-01       1.01312450e+00       2.00000000e+00       1.35049207e+00       4.05147621e+00       1.00000000e+00       1.00000000e+00       1.00000000e+00       1.00000000e+00       1.00000000e+00      -6.07040498e-17      -6.07040498e-17       0.00000000e+00       1.58993407e-16       0.00000000e+00
      1.87000000e+00       1.04724905e-01       1.01200486e+00       2.00000000e+00       1.34831561e+00       4.04494684e+00       1.00000000e+00       1.00000000e+00       1.00000000e+00       1.00000000e+00       1.00000000e+00      -6.07040498e-17      -6.07040498e-17       0.00000000e+00       1.58993407e-16       0.00000000e+00
      1.88000000e+00       1.04711382e-01       1.01086983e+00       2.00000000e+00       1.34609876e+00       4.03829628e+00       1.00000000e+00       1.00000000e+00       1.00000000e+00       1.00000000e+00       1.00000000e+00      -6.07040498e-17      -6.07040498e-17       0.00000000e+00       1.58993407e-16       0.00000000e+00
      1.89000000e+00       1.04699390e-01       1.00972108e+00       2.00000000e+00       1.34384362e+00       4.03153087e+00       1.00000000e+00       1.00000000e+00       1.00000000e+00       1.00000000e+00       1.00000000e+00      -6.07040498e-17      -6.07040498e-17       0.00000000e+00       1.58993407e-16       0.00000000e+00
      1.90000000e+00       1.04689116e-01       1.00856030e+00       2.00000000e+00       1.34155235e+00       4.02465706e+00       1.00000000e+00       1.00000000e+00       1.00000000e+00       1.00000000e+00       1.00000000e+00      -6.07040498e-17      -6.07040498e-17       0.00000000e+00       1.58993407e-16       0.00000000e+00
      1.91000000e+00       1.04680749e-01       1.00738917e+00       2.00000000e+00       1.33922712e+00       4.01768137e+00       1.00000000e+00       1.00000000e+00       1.00000000e+00       1.00000000e+00       1.00000000e+00      -6.07040498e-17      -6.07040498e-17       0.00000000e+00       1.58993407e-16       0.00000000e+00
      1.92000000e+00       1.04674478e-01       1.00620941e+00       2.00000000e+00       1.33687013e+00       4.01061038e+00       1.00000000e+00       1.00000000e+00       1.00000000e+00       1.00000000e+00       1.00000000e+00      -6.07040498e-17      -6.07040498e-17       0.00000000e+00       1.58993407e-16       0.00000000e+00
      1.93000000e+00       1.04670493e-01       1.00502274e+00       2.00000000e+00       1.33448358e+00       4.00345074e+00       1.00000000e+00       1.00000000e+00       1.00000000e+00       1.00000000e+00       1.00000000e+00      -6.07040498e-17      -6.07040498e-17       0.00000000e+00       1.58993407e-16       0.00000000e+00
      1.94000000e+00       1.04668983e-01       1.00383088e+00       2.00000000e+00       1.33206971e+00       3.99620913e+00       1.00000000e+00       1.00000000e+00       1.00000000e+00       1.00000000e+00       1.00000000e+00      -6.07040498e-17      -6.07040498e-17       0.00000000e+00       1.58993407e-16       0.00000000e+00
      1.95000000e+00       1.04670135e-01       1.00263558e+00       2.00000000e+00       1.32963077e+00       3.98889230e+00       1.00000000e+00       1.00000000e+00       1.00000000e+00       1.00000000e+00       1.00000000e+00      -6.07040498e-17      -6.07040498e-17       0.00000000e+00       1.58993407e-16       0.00000000e+00
      1.96000000e+00       1.04674137e-01       1.00143855e+00       2.00000000e+00       1.32716901e+00       3.98150702e+00       1.00000000e+00       1.00000000e+00       1.00000000e+00       1.00000000e+00       1.00000000e+00      -6.07040498e-17      -6.07040498e-17       0.00000000e+00       1.58993407e-16       0.00000000e+00
      1.97000000e+00       1.04681176e-01       1.00024154e+00       2.00000000e+00       1.32468669e+00       3.97406008e+00       1.00000000e+00       1.00000000e+00       1.00000000e+00       1.00000000e+00       1.00000000e+00      -6.07040498e-17      -6.07040498e-17       0.00000000e+00       1.58993407e-16       0.00000000e+00
      1.98000000e+00       1.04691434e-01       9.99046279e-01       2.00000000e+00       1.32218610e+00       3.96655830e+00       1.00000000e+00       1.00000000e+00       1.00000000e+00       1.00000000e+00       1.00000000e+00      -6.07040498e-17      -6.07040498e-17       0.00000000e+00       1.58993407e-16       0.00000000e+00
      1.99000000e+00       1.04705094e-01       9.97854482e-01       2.00000000e+00       1.31966950e+00       3.95900849e+00       1.00000000e+00       1.00000000e+00       1.00000000e+00       1.00000000e+00       1.00000000e+00      -6.07040498e-17      -6.07040498e-17       0.00000000e+00       1.58993407e-16       0.00000000e+00
      2.00000000e+00       1.04722334e-01       9.96667867e-01       2.00000000e+00       1.31713916e+00       3.95141747e+00       1.00000000e+00       1.00000000e+00       1.00000000e+00       1.00000000e+00       1.00000000e+00      -6.07040498e-17      -6.07040498e-17       0.00000000e+00       1.58993407e-16       0.00000000e+00
      2.01000000e+00       1.04743332e-01       9.95488135e-01       2.00000000e+00       1.31459735e+00       3.94379204e+00       1.00000000e+00       1.00000000e+00       1.00000000e+00       1.00000000e+00       1.00000000e+00      -6.07040498e-17      -6.07040498e-17       0.00000000e+00       1.58993407e-16       0.00000000e+00
      2.02000000e+00       1.04768259e-01       9.94316975e-01       2.00000000e+00       1.31204633e+00       3.93613899e+00       1.00000000e+00       1.00000000e+00       1.00000000e+00       1.00000000e+00       1.00000000e+00      -6.07040498e-17      -6.07040498e-17       0.00000000e+00       1.58993407e-16       0.00000000e+00
      2.03000000e+00       1.04797284e-01       9.93156056e-01       2.00000000e+00       1.30948836e+00       3.92846508e+00       1.00000000e+00       1.00000000e+00       1.00000000e+00       1.00000000e+00       1.00000000e+00      -6.07040498e-17      -6.07040498e-17       0.00000000e+00       1.58993407e-16       0.00000000e+00
      2.04000000e+00       1.04830572e-01       9.92007030e-01       2.00000000e+00       1.30692567e+00       3.92077702e+00       1.00000000e+00       1.00000000e+00       1.00000000e+00       1.00000000e+00       1.00000000e+00      -6.07040498e-17      -6.07040498e-17       0.00000000e+00       1.58993407e-16       0.00000000e+00
      2.05000000e+00       1.04868285e-01       9.90871526e-01       2.00000000e+00       1.30436050e+00       3.91308149e+00       1.00000000e+00       1.00000000e+00       1.00000000e+00       1.00000000e+00       1.00000000e+00      -6.07040498e-17      -6.07040498e-17       0.00000000e+00       1.58993407e-16       0.00000000e+00
      2.06000000e+00       1.04910576e-01       9.89751146e-01       2.00000000e+00       1.30179504e+00       3.90538511e+00       1.00000000e+00       1.00000000e+00       1.00000000e+00       1.00000000e+00       1.00000000e+00      -6.07040498e-17      -6.07040498e-17       0.00000000e+00       1.58993407e-16       0.00000000e+00
      2.07000000e+00       1.04957597e-01       9.88647467e-01       2.00000000e+00       1.29923148e+00       3.89769443e+00       1.00000000e+00       1.00000000e+00       1.00000000e+00       1.00000000e+00       1.00000000e+00      -6.07040498e-17      -6.07040498e-17       0.00000000e+00       1.58993407e-16       0.00000000e+00
      2.08000000e+00       1.05009493e-01       9.87562035e-01       2.00000000e+00       1.29667199e+00       3.89001596e+00       1.00000000e+00       1.00000000e+00       1.00000000e+00       1.00000000e+00       1.00000000e+00      -6.07040498e-17      -6.07040498e-17       0.00000000e+00       1.58993407e-16       0.00000000e+00
      2.09000000e+00       1.05066402e-01       9.86496365e-01       2.00000000e+00       1.29411870e+00       3.88235609e+00       1.00000000e+00       1.00000000e+00       1.00000000e+00       1.00000000e+00       1.00000000e+00      -6.07040498e-17      -6.07040498e-17       0.00000000e+00       1.58993407e-16       0.00000000e+00
      2.10000000e+00       1.05128457e-01       9.85451935e-01       2.00000000e+00       1.29157372e+00       3.87472116e+00       1.00000000e+00       1.00000000e+00       1.00000000e+00       1.00000000e+00       1.00000000e+00      -6.07040498e-17      -6.07040498e-17       0.00000000e+00       1.58993407e-16       0.00000000e+00
      2.11000000e+00       1.05195785e-01       9.84430188e-01       2.00000000e+00       1.28903913e+00       3.86711739e+00       1.00000000e+00       1.00000000e+00       1.00000000e+00       1.00000000e+00       1.00000000e+00      -6.07040498e-17      -6.07040498e-17       0.00000000e+00       1.58993407e-16       0.00000000e+00
      2.12000000e+00       1.05268505e-01       9.83432527e-01       2.00000000e+00       1.28651697e+00       3.85955092e+00       1.00000000e+00       1.00000000e+00       1.00000000e+00       1.00000000e+00       1.00000000e+00      -6.07040498e-17      -6.07040498e-17       0.00000000e+00       1.58993407e-16       0.00000000e+00
      2.13000000e+00       1.05346730e-01       9.82460314e-01       2.00000000e+00       1.28400925e+00       3.85202775e+00       1.00000000e+00       1.00000000e+00       1.00000000e+00       1.00000000e+00       1.00000000e+00      -6.07040498e-17      -6.07040498e-17       0.00000000e+00       1.58993407e-16       0.00000000e+00
      2.14000000e+00       1.05430564e-01       9.81514867e-01       2.00000000e+00       1.28151794e+00       3.84455381e+00       1.00000000e+00       1.00000000e+00       1.00000000e+00       1.00000000e+00       1.00000000e+00      -6.07040498e-17      -6.07040498e-17       0.00000000e+00       1.58993407e-16       0.00000000e+00
      2.15000000e+00       1.05520107e-01       9.80597460e-01       2.00000000e+00       1.27904496e+00       3.83713487e+00       1.00000000e+00       1.00000000e+00       1.00000000e+00       1.00000000e+00       1.00000000e+00      -6.07040498e-17      -6.07040498e-17       0.00000000e+00       1.58993407e-16       0.00000000e+00
      2.16000000e+00       1.05615446e-01       9.79709316e-01       2.00000000e+00       1.27659220e+00       3.82977659e+00       1.00000000e+00       1.00000000e+00       1.00000000e+00       1.00000000e+00       1.00000000e+00      -6.07040498e-17      -6.07040498e-17       0.00000000e+00       1.58993407e-16       0.00000000e+00
      2.17000000e+00       1.05716663e-01       9.78851612e-01       2.00000000e+00       1.27416149e+00       3.82248448e+00       1.00000000e+00       1.00000000e+00       1.00000000e+00       1.00000000e+00       1.00000000e+00      -6.07040498e-17      -6.07040498e-17       0.00000000e+00       1.58993407e-16       0.00000000e+00
      2.18000000e+00       1.05823832e-01       9.78025472e-01       2.00000000e+00       1.27175464e+00       3.81526392e+00       1.00000000e+00       1.00000000e+00       1.00000000e+00       1.00000000e+00       1.00000000e+00      -6.07040498e-17      -6.07040498e-17       0.00000000e+00       1.58993407e-16       0.00000000e+00
      2.19000000e+00       1.05937017e-01       9.77231969e-01       2.00000000e+00       1.26937338e+00       3.80812013e+00       1.00000000e+00       1.00000000e+00       1.00000000e+00       1.00000000e+00       1.00000000e+00      -6.07040498e-17      -6.07040498e-17       0.00000000e+00       1.58993407e-16       0.00000000e+00
      2.20000000e+00       1.06056274e-01       9.76472119e-01       2.00000000e+00       1.26701940e+00       3.80105820e+00       1.00000000e+00       1.00000000e+00       1.00000000e+00       1.00000000e+00       1.00000000e+00      -6.07040498e-17      -6.07040498e-17       0.00000000e+00       1.58993407e-16       0.00000000e+00
      2.21000000e+00       1.06181649e-01       9.75746883e-01       2.00000000e+00       1.26469434e+00       3.79408303e+00       1.00000000e+00       1.00000000e+00       1.00000000e+00       1.00000000e+00       1.00000000e+00      -6.07040498e-17      -6.07040498e-17       0.00000000e+00       1.58993407e-16       0.00000000e+00
      2.22000000e+00       1.06313180e-01       9.75057165e-01       2.00000000e+00       1.26239979e+00       3.78719937e+00       1.00000000e+00       1.00000000e+00       1.00000000e+00       1.00000000e+00       1.00000000e+00      -6.07040498e-17      -6.07040498e-17       0.00000000e+00       1.58993407e-16       0.00000000e+00
      2.23000000e+00       1.06450896e-01       9.74403810e-01       2.00000000e+00       1.26013727e+00       3.78041181e+00       1.00000000e+00       1.00000000e+00       1.00000000e+00       1.00000000e+00       1.00000000e+00      -6.07040498e-17      -6.07040498e-17       0.00000000e+00       1.58993407e-16       0.00000000e+00
      2.24000000e+00       1.06594813e-01       9.73787601e-01       2.00000000e+00       1.25790825e+00       3.77372476e+00       1.00000000e+00       1.00000000e+00       1.00000000e+00       1.00000000e+00       1.00000000e+00      -6.07040498e-17      -6.07040498e-17       0.00000000e+00       1.58993407e-16       0.00000000e+00
      2.25000000e+00       1.06744943e-01       9.73209263e-01       2.00000000e+00       1.25571414e+00       3.76714243e+00       1.00000000e+00       1.00000000e+00       1.00000000e+00       1.00000000e+00       1.00000000e+00      -6.07040498e-17      -6.07040498e-17       0.00000000e+00       1.58993407e-16       0.00000000e+00
      2.26000000e+00       1.06901283e-01       9.72669455e-01       2.00000000e+00       1.25355629e+00       3.76066888e+00       1.00000000e+00       1.00000000e+00       1.00000000e+00       1.00000000e+00       1.00000000e+00      -6.07040498e-17      -6.07040498e-17       0.00000000e+00       1.58993407e-16       0.00000000e+00
      2.27000000e+00       1.07063824e-01       9.72168776e-01       2.00000000e+00       1.25143599e+00       3.75430797e+00       1.00000000e+00       1.00000000e+00       1.00000000e+00       1.00000000e+00       1.00000000e+00      -6.07040498e-17      -6.07040498e-17       0.00000000e+00       1.58993407e-16       0.00000000e+00
      2.28000000e+00       1.07232545e-01       9.71707757e-01       2.00000000e+00       1.24935446e+00       3.74806337e+00       1.00000000e+00       1.00000000e+00       1.00000000e+00       1.00000000e+00       1.00000000e+00      -6.07040498e-17      -6.07040498e-17       0.00000000e+00       1.58993407e-16       0.00000000e+00
      2.29000000e+00       1.07407415e-01       9.71286868e-01       2.00000000e+00       1.24731285e+00       3.74193855e+00       1.00000000e+00       1.00000000e+00       1.00000000e+00       1.00000000e+00       1.00000000e+00      -6.07040498e-17      -6.07040498e-17       0.00000000e+00       1.58993407e-16       0.00000000e+00
      2.30000000e+00       1.07588394e-01       9.70906512e-01       2.00000000e+00       1.24531227e+00       3.73593680e+00       1.00000000e+00       1.00000000e+00       1.00000000e+00       1.00000000e+00       1.00000000e+00      -6.07040498e-17      -6.07040498e-17       0.00000000e+00       1.58993407e-16       0.00000000e+00
      2.31000000e+00       1.07775431e-01       9.70567024e-01       2.00000000e+00       1.24335373e+00       3.73006120e+00       1.00000000e+00       1.00000000e+00       1.00000000e+00       1.00000000e+00       1.00000000e+00      -6.07040498e-17      -6.07040498e-17       0.00000000e+00       1.58993407e-16       0.00000000e+00
      2.32000000e+00       1.07968466e-01       9.70268674e-01       2.00000000e+00       1.24143821e+00       3.72431464e+00       1.00000000e+00       1.00000000e+00       1.00000000e+00       1.00000000e+00       1.00000000e+00      -6.07040498e-17      -6.07040498e-17       0.00000000e+00       1.58993407e-16       0.00000000e+00
      2.33000000e+00       1.08167426e-01       9.70011666e-01       2.00000000e+00       1.23956660e+00       3.71869980e+00       1.00000000e+00       1.00000000e+00       1.00000000e+00       1.00000000e+00       1.00000000e+00      -6.07040498e-17      -6.07040498e-17       0.00000000e+00       1.58993407e-16       0.00000000e+00
      2.34000000e+00       1.08372232e-01       9.69796136e-01       2.00000000e+00       1.23773972e+00       3.71321916e+00       1.00000000e+00       1.00000000e+00       1.00000000e+00       1.00000000e+00       1.00000000e+00      -6.07040498e-17      -6.07040498e-17       0.00000000e+00       1.58993407e-16       0.00000000e+00
      2.35000000e+00       1.08582792e-01       9.69622153e-01       2.00000000e+00       1.23595833e+00       3.70787499e+00       1.00000000e+00       1.00000000e+00       1.00000000e+00       1.00000000e+00       1.00000000e+00      -6.07040498e-17      -6.07040498e-17       0.00000000e+00       1.58993407e-16       0.00000000e+00
      2.36000000e+00       1.08799005e-01       9.69489717e-01       2.00000000e+00       1.23422312e+00       3.70266936e+00       1.00000000e+00       1.00000000e+00       1.00000000e+00       1.00000000e+00       1.00000000e+00      -6.07040498e-17      -6.07040498e-17       0.00000000e+00       1.58993407e-16       0.00000000e+00
      2.37000000e+00       1.09020760e-01       9.69398765e-01       2.00000000e+00       1.23253471e+00       3.69760413e+00       1.00000000e+00       1.00000000e+00       1.00000000e+00       1.00000000e+00       1.00000000e+00      -6.07040498e-17      -6.07040498e-17       0.00000000e+00       1.58993407e-16       0.00000000e+00
      2.38000000e+00       1.09247935e-01       9.69349162e-01       2.00000000e+00       1.23089365e+00       3.69268096e+00       1.00000000e+00       1.00000000e+00       1.00000000e+00       1.00000000e+00       1.00000000e+00      -6.07040498e-17      -6.07040498e-17       0.00000000e+00       1.58993407e-16       0.00000000e+00
      2.39000000e+00       1.09480400e-01       9.69340712e-01       2.00000000e+00       1.22930043e+00       3.68790130e+00       1.00000000e+00       1.00000000e+00       1.00000000e+00       1.00000000e+00       1.00000000e+00      -6.07040498e-17      -6.07040498e-17       0.00000000e+00       1.58993407e-16       0.00000000e+00
      2.40000000e+00       1.09718013e-01       9.69373148e-01       2.00000000e+00       1.22775547e+00       3.68326640e+00       1.00000000e+00       1.00000000e+00       1.00000000e+00       1.00000000e+00       1.00000000e+00      -6.07040498e-17      -6.07040498e-17       0.00000000e+00       1.58993407e-16       0.00000000e+00
      2.41000000e+00       1.09960626e-01       9.69446141e-01       2.00000000e+00       1.22625909e+00       3.67877728e+00       1.00000000e+00       1.00000000e+00       1.00000000e+00       1.00000000e+00       1.00000000e+00      -6.07040498e-17      -6.07040498e-17       0.00000000e+00       1.58993407e-16       0.00000000e+00
      2.42000000e+00       1.10208078e-01       9.69559295e-01       2.00000000e+00       1.22481160e+00       3.67443480e+00       1.00000000e+00       1.00000000e+00       1.00000000e+00       1.00000000e+00       1.00000000e+00      -6.07040498e-17      -6.07040498e-17       0.00000000e+00       1.58993407e-16       0.00000000e+00
      2.43000000e+00       1.10460200e-01       9.69712152e-01       2.00000000e+00       1.22341319e+00       3.67023958e+00       1.00000000e+00       1.00000000e+00       1.00000000e+00       1.00000000e+00       1.00000000e+00      -6.07040498e-17      -6.07040498e-17       0.00000000e+00       1.58993407e-16       0.00000000e+00
      2.44000000e+00       1.10716814e-01       9.69904188e-01       2.00000000e+00       1.22206402e+00       3.66619205e+00       1.00000000e+00       1.00000000e+00       1.00000000e+00       1.00000000e+00       1.00000000e+00      -6.07040498e-17      -6.07040498e-17       0.00000000e+00       1.58993407e-16       0.00000000e+00
      2.45000000e+00       1.10977733e-01       9.70134820e-01       2.00000000e+00       1.22076415e+00       3.66229246e+00       1.00000000e+00       1.00000000e+00       1.00000000e+00       1.00000000e+00       1.00000000e+00      -6.07040498e-17      -6.07040498e-17       0.00000000e+00       1.58993407e-16       0.00000000e+00
      2.46000000e+00       1.11242763e-01       9.70403401e-01       2.00000000e+00       1.21951361e+00       3.65854083e+00       1.00000000e+00       1.00000000e+00       1.00000000e+00       1.00000000e+00       1.00000000e+00      -6.07040498e-17      -6.07040498e-17       0.00000000e+00       1.58993407e-16       0.00000000e+00
      2.47000000e+00       1.11511698e-01       9.70709226e-01       2.00000000e+00       1.21831234e+00       3.65493701e+00       1.00000000e+00       1.00000000e+00       1.00000000e+00       1.00000000e+00       1.00000000e+00      -6.07040498e-17      -6.07040498e-17       0.00000000e+00       1.58993407e-16       0.00000000e+00
      2.48000000e+00       1.11784327e-01       9.71051530e-01       2.00000000e+00       1.21716022e+00       3.65148066e+00       1.00000000e+00       1.00000000e+00       1.00000000e+00       1.00000000e+00       1.00000000e+00      -6.07040498e-17      -6.07040498e-17       0.00000000e+00       1.58993407e-16       0.00000000e+00
      2.49000000e+00       1.12060428e-01       9.71429491e-01       2.00000000e+00       1.21605708e+00       3.64817124e+00       1.00000000e+00       1.00000000e+00       1.00000000e+00       1.00000000e+00       1.00000000e+00      -6.07040498e-17      -6.07040498e-17       0.00000000e+00       1.58993407e-16       0.00000000e+00
      2.50000000e+00       1.12339775e-01       9.71842232e-01       2.00000000e+00       1.21500268e+00       3.64500803e+00       1.00000000e+00       1.00000000e+00       1.00000000e+00       1.00000000e+00       1.00000000e+00      -6.07040498e-17      -6.07040498e-17       0.00000000e+00       1.58993407e-16       0.00000000e+00
      2.51000000e+00       1.12622131e-01       9.72288820e-01       2.00000000e+00       1.21399671e+00       3.64199013e+00       1.00000000e+00       1.00000000e+00       1.00000000e+00       1.00000000e+00       1.00000000e+00      -6.07040498e-17      -6.07040498e-17       0.00000000e+00       1.58993407e-16       0.00000000e+00
      2.52000000e+00       1.12907254e-01       9.72768270e-01       2.00000000e+00       1.21303883e+00       3.63911648e+00       1.00000000e+00       1.00000000e+00       1.00000000e+00       1.00000000e+00       1.00000000e+00      -6.07040498e-17      -6.07040498e-17       0.00000000e+00       1.58993407e-16       0.00000000e+00
      2.53000000e+00       1.13194895e-01       9.73279548e-01       2.00000000e+00       1.21212861e+00       3.63638582e+00       1.00000000e+00       1.00000000e+00       1.00000000e+00       1.00000000e+00       1.00000000e+00      -6.07040498e-17      -6.07040498e-17       0.00000000e+00       1.58993407e-16       0.00000000e+00
      2.54000000e+00       1.13484797e-01       9.73821567e-01       2.00000000e+00       1.21126558e+00       3.63379674e+00       1.00000000e+00       1.00000000e+00       1.00000000e+00       1.00000000e+00       1.00000000e+00      -6.07040498e-17      -6.07040498e-17       0.00000000e+00       1.58993407e-16       0.00000000e+00
      2.55000000e+00       1.13776698e-01       9.74393195e-01       2.00000000e+00       1.21044923e+00       3.63134768e+00       1.00000000e+00       1.00000000e+00       1.00000000e+00       1.00000000e+00       1.00000000e+00      -6.07040498e-17      -6.07040498e-17       0.00000000e+00       1.58993407e-16       0.00000000e+00
      2.56000000e+00       1.14070330e-01       9.74993255e-01       2.00000000e+00       1.20967896e+00       3.62903688e+00       1.00000000e+00       1.00000000e+00       1.00000000e+00       1.00000000e+00       1.00000000e+00      -6.07040498e-17      -6.07040498e-17       0.00000000e+00       1.58993407e-16       0.00000000e+00
      2.57000000e+00       1.14365419e-01       9.75620525e-01       2.00000000e+00       1.20895416e+00       3.62686248e+00       1.00000000e+00       1.00000000e+00       1.00000000e+00       1.00000000e+00       1.00000000e+00      -6.07040498e-17      -6.07040498e-17       0.00000000e+00       1.58993407e-16       0.00000000e+00
      2.58000000e+00       1.14661687e-01       9.76273744e-01       2.00000000e+00       1.20827414e+00       3.62482243e+00       1.00000000e+00       1.00000000e+00       1.00000000e+00       1.00000000e+00       1.00000000e+00      -6.07040498e-17      -6.07040498e-17       0.00000000e+00       1.58993407e-16       0.00000000e+00
      2.59000000e+00       1.14958850e-01       9.76951610e-01       2.00000000e+00       1.20763819e+00       3.62291457e+00       1.00000000e+00       1.00000000e+00       1.00000000e+00       1.00000000e+00       1.00000000e+00      -6.07040498e-17      -6.07040498e-17       0.00000000e+00       1.58993407e-16       0.00000000e+00
      2.60000000e+00       1.15256620e-01       9.77652785e-01       2.00000000e+00       1.20704553e+00       3.62113660e+00       1.00000000e+00       1.00000000e+00       1.00000000e+00       1.00000000e+00       1.00000000e+00      -6.07040498e-17      -6.07040498e-17       0.00000000e+00       1.58993407e-16       0.00000000e+00
      2.61000000e+00       1.15554704e-01       9.78375896e-01       2.00000000e+00       1.20649535e+00       3.61948606e+00       1.00000000e+00       1.00000000e+00       1.00000000e+00       1.00000000e+00       1.00000000e+00      -6.07040498e-17      -6.07040498e-17       0.00000000e+00       1.58993407e-16       0.00000000e+00
      2.62000000e+00       1.15852807e-01       9.79119538e-01       2.00000000e+00       1.20598681e+00       3.61796042e+00       1.00000000e+00       1.00000000e+00       1.00000000e+00       1.00000000e+00       1.00000000e+00      -6.07040498e-17      -6.07040498e-17       0.00000000e+00       1.58993407e-16       0.00000000e+00
      2.63000000e+00       1.16150631e-01       9.79882277e-01       2.00000000e+00       1.20551900e+00       3.61655699e+00       1.00000000e+00       1.00000000e+00       1.00000000e+00       1.00000000e+00       1.00000000e+00      -6.07040498e-17      -6.07040498e-17       0.00000000e+00       1.58993407e-16       0.00000000e+00
      2.64000000e+00       1.16447873e-01       9.80662650e-01       2.00000000e+00       1.20509100e+00       3.61527299e+00       1.00000000e+00       1.00000000e+00       1.00000000e+00       1.00000000e+00       1.00000000e+00      -6.07040498e-17      -6.07040498e-17       0.00000000e+00       1.58993407e-16       0.00000000e+00
      2.65000000e+00       1.16744229e-01       9.81459170e-01       2.00000000e+00       1.20470185e+00       3.61410554e+00       1.00000000e+00       1.00000000e+00       1.00000000e+00       1.00000000e+00       1.00000000e+00      -6.07040498e-17      -6.07040498e-17       0.00000000e+00       1.58993407e-16       0.00000000e+00
      2.66000000e+00       1.17039393e-01       9.82270329e-01       2.00000000e+00       1.20435055e+00       3.61305165e+00       1.00000000e+00       1.00000000e+00       1.00000000e+00       1.00000000e+00       1.00000000e+00      -6.07040498e-17      -6.07040498e-17       0.00000000e+00       1.58993407e-16       0.00000000e+00
      2.67000000e+00       1.17333057e-01       9.83094597e-01       2.00000000e+00       1.20403608e+00       3.61210825e+00       1.00000000e+00       1.00000000e+00       1.00000000e+00       1.00000000e+00       1.00000000e+00      -6.07040498e-17      -6.07040498e-17       0.00000000e+00       1.58993407e-16       0.00000000e+00
      2.68000000e+00       1.17624912e-01       9.83930427e-01       2.00000000e+00       1.20375740e+00       3.61127219e+00       1.00000000e+00       1.00000000e+00       1.00000000e+00       1.00000000e+00       1.00000000e+00      -6.07040498e-17      -6.07040498e-17       0.00000000e+00       1.58993407e-16       0.00000000e+00
      2.69000000e+00       1.17914649e-01       9.84776259e-01       2.00000000e+00       1.20351341e+00       3.61054024e+00       1.00000000e+00       1.00000000e+00       1.00000000e+00       1.00000000e+00       1.00000000e+00      -6.07040498e-17      -6.07040498e-17       0.00000000e+00       1.58993407e-16       0.00000000e+00
      2.70000000e+00       1.18201958e-01       9.85630520e-01       2.00000000e+00       1.20330304e+00       3.60990911e+00       1.00000000e+00       1.00000000e+00       1.00000000e+00       1.00000000e+00       1.00000000e+00      -6.07040498e-17      -6.07040498e-17       0.00000000e+00       1.58993407e-16       0.00000000e+00
