      0.00000000e+00       5.00000000e-01       5.00000000e-01       5.00000000e-01       5.00000000e-01       5.00000000e-01       5.00000000e-01       5.00000000e-01       5.00000000e-01       5.00000000e-01       5.00000000e-01       5.00000000e-01       5.00000000e-01
      2.00000000e-03       5.00000000e-01       5.00000000e-01       5.00000000e-01       5.00000000e-01       5.00000000e-01       5.00000000e-01       5.00000049e-01       5.00000000e-01       4.99999951e-01       5.00000000e-01       5.00000000e-01       5.00000000e-01
      4.00000000e-03       5.00000000e-01       5.00000000e-01       5.00000000e-01       5.00000000e-01       5.00000000e-01       5.00000000e-01       5.00000194e-01       5.00000000e-01       4.99999806e-01       5.00000000e-01       5.00000000e-01       5.00000000e-01
      6.00000000e-03       5.00000000e-01       5.00000000e-01       5.00000000e-01       5.00000000e-01       5.00000000e-01       5.00000000e-01       5.00000437e-01       5.00000000e-01       4.99999563e-01       5.00000000e-01       5.00000000e-01       5.00000000e-01
      8.00000000e-03       5.00000000e-01       5.00000000e-01       5.00000000e-01       5.00000000e-01       5.00000000e-01       5.00000000e-01       5.00000777e-01       5.00000000e-01       4.99999223e-01       5.00000000e-01       5.00000000e-01       5.00000000e-01
      1.00000000e-02       5.00000000e-01       5.00000000e-01       5.00000000e-01       5.00000000e-01       5.00000000e-01       5.00000000e-01       5.00001215e-01       5.00000000e-01       4.99998785e-01       5.00000000e-01       5.00000000e-01       5.00000000e-01
      1.20000000e-02       5.00000000e-01       5.00000000e-01       5.00000000e-01       5.00000000e-01       5.00000000e-01       5.00000000e-01       5.00001749e-01       5.00000000e-01       4.99998251e-01       5.00000000e-01       5.00000000e-01       5.00000000e-01
      1.40000000e-02       5.00000000e-01       5.00000000e-01       5.00000000e-01       5.00000000e-01       5.00000000e-01       5.00000000e-01       5.00002380e-01       5.00000000e-01       4.99997620e-01       5.00000000e-01       5.00000000e-01       5.00000000e-01
      1.60000000e-02       5.00000000e-01       5.00000000e-01       5.00000000e-01       5.00000000e-01       5.00000000e-01       5.00000000e-01       5.00003109e-01       5.00000000e-01       4.99996891e-01       5.00000000e-01       5.00000000e-01       5.00000000e-01
      1.80000000e-02       5.00000000e-01       5.00000000e-01       5.00000000e-01       5.00000000e-01       5.00000000e-01       5.00000000e-01       5.00003935e-01       5.00000000e-01       4.99996066e-01       5.00000000e-01       5.00000000e-01       5.00000000e-01
      2.00000000e-02       5.00000000e-01       5.00000000e-01       5.00000000e-01       5.00000000e-01       5.00000000e-01       5.00000000e-01       5.00004857e-01       5.00000000e-01       4.99995143e-01       5.00000000e-01       4.99999999e-01       5.00000000e-01
      2.20000000e-02       5.00000000e-01       5.00000000e-01       5.00000000e-01       5.00000000e-01       5.00000000e-01       5.00000000e-01       5.00005877e-01       5.00000000e-01       4.99994124e-01       5.00000000e-01       4.99999999e-01       5.00000000e-01
      2.40000000e-02       5.00000000e-01       5.00000000e-01       5.00000000e-01       5.00000000e-01       5.00000000e-01       5.00000000e-01       5.00006994e-01       5.00000000e-01       4.99993007e-01       5.00000000e-01       4.99999999e-01       5.00000000e-01
      2.60000000e-02       5.00000000e-01       5.00000000e-01       5.00000000e-01       5.00000000e-01       5.00000000e-01       5.00000000e-01       5.00008208e-01       5.00000000e-01       4.99991794e-01       5.00000000e-01       4.99999998e-01       5.00000000e-01
      2.80000000e-02       5.00000000e-01       5.00000000e-01       5.00000000e-01       5.00000000e-01       5.00000000e-01       5.00000000e-01       5.00009518e-01       5.00000000e-01       4.99990484e-01       5.00000000e-01       4.99999998e-01       5.00000000e-01
      3.00000000e-02       5.00000000e-01       5.00000000e-01       5.00000000e-01       5.00000000e-01       5.00000000e-01       5.00000000e-01       5.00010926e-01       5.00000000e-01       4.99989077e-01       5.00000000e-01       4.99999997e-01       5.00000000e-01
      3.20000000e-02       5.00000000e-01       5.00000000e-01       5.00000000e-01       5.00000000e-01       5.00000000e-01       5.00000000e-01       5.00012430e-01       5.00000000e-01       4.99987574e-01       5.00000000e-01       4.99999996e-01       5.00000000e-01
      3.40000000e-02       5.00000000e-01       5.00000000e-01       5.00000000e-01       5.00000000e-01       5.00000000e-01       5.00000000e-01       5.00014032e-01       5.00000000e-01       4.99985974e-01       5.00000000e-01       4.99999995e-01       5.00000000e-01
      3.60000000e-02       5.00000000e-01       5.00000000e-01       5.00000001e-01       5.00000000e-01       5.00000000e-01       5.00000000e-01       5.00015730e-01       5.00000000e-01       4.99984277e-01       5.00000000e-01       4.99999994e-01       5.00000000e-01
      3.80000000e-02       5.00000000e-01       5.00000000e-01       5.00000001e-01       5.00000000e-01       5.00000000e-01       5.00000000e-01       5.00017525e-01       5.00000000e-01       4.99982484e-01       5.00000000e-01       4.99999992e-01       5.00000000e-01
      4.00000000e-02       5.00000000e-01       5.00000000e-01       5.00000001e-01       5.00000000e-01       5.00000000e-01       5.00000000e-01       5.00019416e-01       5.00000000e-01       4.99980595e-01       5.00000000e-01       4.99999990e-01       5.00000000e-01
      4.20000000e-02       5.00000001e-01       5.00000000e-01       5.00000001e-01       5.00000000e-01       5.00000000e-01       5.00000000e-01       5.00021404e-01       5.00000000e-01       4.99978609e-01       5.00000000e-01       4.99999988e-01       5.00000000e-01
      4.40000000e-02       5.00000001e-01       5.00000000e-01       5.00000001e-01       5.00000000e-01       5.00000000e-01       5.00000000e-01       5.00023489e-01       5.00000000e-01       4.99976527e-01       5.00000000e-01       4.99999986e-01       5.00000000e-01
      4.60000000e-02       5.00000001e-01       5.00000000e-01       5.00000002e-01       5.00000000e-01       5.00000000e-01       5.00000000e-01       5.00025670e-01       5.00000000e-01       4.99974349e-01       5.00000000e-01       4.99999983e-01       5.00000000e-01
      4.80000000e-02       5.00000001e-01       5.00000000e-01       5.00000002e-01       5.00000000e-01       5.00000001e-01       5.00000000e-01       5.00027948e-01       5.00000000e-01       4.99972075e-01       5.00000000e-01       4.99999980e-01       5.00000000e-01
      5.00000000e-02       5.00000001e-01       5.00000000e-01       5.00000002e-01       5.00000000e-01       5.00000001e-01       5.00000000e-01       5.00030322e-01       5.00000000e-01       4.99969704e-01       5.00000000e-01       4.99999976e-01       5.00000000e-01
      5.20000000e-02       5.00000001e-01       5.00000000e-01       5.00000003e-01       5.00000000e-01       5.00000001e-01       5.00000000e-01       5.00032792e-01       5.00000000e-01       4.99967238e-01       5.00000000e-01       4.99999972e-01       5.00000000e-01
      5.40000000e-02       5.00000002e-01       5.00000000e-01       5.00000003e-01       5.00000000e-01       5.00000001e-01       5.00000000e-01       5.00035359e-01       5.00000000e-01       4.99964677e-01       5.00000000e-01       4.99999968e-01       5.00000000e-01
      5.60000000e-02       5.00000002e-01       5.00000000e-01       5.00000003e-01       5.00000000e-01       5.00000001e-01       5.00000000e-01       5.00038021e-01       5.00000000e-01       4.99962020e-01       5.00000000e-01       4.99999963e-01       5.00000000e-01
      5.80000000e-02       5.00000002e-01       5.00000000e-01       5.00000004e-01       5.00000000e-01       5.00000001e-01       5.00000000e-01       5.00040780e-01       5.00000000e-01       4.99959267e-01       5.00000000e-01       4.99999957e-01       5.00000000e-01
      6.00000000e-02       5.00000002e-01       5.00000000e-01       5.00000004e-01       5.00000000e-01       5.00000001e-01       5.00000000e-01       5.00043635e-01       5.00000000e-01       4.99956419e-01       5.00000000e-01       4.99999951e-01       5.00000000e-01
      6.20000000e-02       5.00000003e-01       5.00000000e-01       5.00000005e-01       5.00000000e-01       5.00000001e-01       5.00000000e-01       5.00046586e-01       5.00000000e-01       4.99953475e-01       5.00000000e-01       4.99999944e-01       5.00000000e-01
      6.40000000e-02       5.00000003e-01       5.00000000e-01       5.00000006e-01       5.00000000e-01       5.00000002e-01       5.00000000e-01       5.00049633e-01       5.00000000e-01       4.99950437e-01       5.00000000e-01       4.99999937e-01       5.00000000e-01
      6.60000000e-02       5.00000004e-01       5.00000000e-01       5.00000007e-01       5.00000000e-01       5.00000002e-01       5.00000000e-01       5.00052775e-01       5.00000000e-01       4.99947304e-01       5.00000000e-01       4.99999928e-01       5.00000000e-01
      6.80000000e-02       5.00000004e-01       5.00000000e-01       5.00000007e-01       5.00000000e-01       5.00000002e-01       5.00000000e-01       5.00056014e-01       5.00000000e-01       4.99944075e-01       5.00000000e-01       4.99999919e-01       5.00000000e-01
      7.00000000e-02       5.00000005e-01       5.00000000e-01       5.00000008e-01       5.00000000e-01       5.00000002e-01       5.00000000e-01       5.00059347e-01       5.00000000e-01       4.99940752e-01       5.00000000e-01       4.99999909e-01       5.00000000e-01
      7.20000000e-02       5.00000005e-01       5.00000000e-01       5.00000009e-01       5.00000000e-01       5.00000003e-01       5.00000000e-01       5.00062777e-01       5.00000000e-01       4.99937335e-01       5.00000000e-01       4.99999898e-01       5.00000000e-01
      7.40000000e-02       5.00000006e-01       5.00000000e-01       5.00000010e-01       5.00000000e-01       5.00000003e-01       5.00000000e-01       5.00066302e-01       5.00000000e-01       4.99933823e-01       5.00000000e-01       4.99999887e-01       5.00000000e-01
      7.60000000e-02       5.00000006e-01       5.00000000e-01       5.00000011e-01       5.00000000e-01       5.00000003e-01       5.00000000e-01       5.00069922e-01       5.00000000e-01       4.99930217e-01       5.00000000e-01       4.99999874e-01       5.00000000e-01
      7.80000000e-02       5.00000007e-01       5.00000000e-01       5.00000013e-01       5.00000000e-01       5.00000004e-01       5.00000000e-01       5.00073637e-01       5.00000000e-01       4.99926517e-01       5.00000000e-01       4.99999860e-01       5.00000000e-01
      8.00000000e-02       5.00000008e-01       5.00000000e-01       5.00000014e-01       5.00000000e-01       5.00000004e-01       5.00000000e-01       5.00077448e-01       5.00000000e-01       4.99922723e-01       5.00000000e-01       4.99999845e-01       5.00000000e-01
      8.20000000e-02       5.00000009e-01       5.00000000e-01       5.00000016e-01       5.00000000e-01       5.00000004e-01       5.00000000e-01       5.00081353e-01       5.00000000e-01       4.99918835e-01       5.00000000e-01       4.99999829e-01       5.00000000e-01
      8.40000000e-02       5.00000009e-01       5.00000000e-01       5.00000017e-01       5.00000000e-01       5.00000005e-01       5.00000000e-01       5.00085353e-01       5.00000000e-01       4.99914854e-01       5.00000000e-01       4.99999812e-01       5.00000000e-01
      8.60000000e-02       5.00000010e-01       5.00000000e-01       5.00000019e-01       5.00000000e-01       5.00000005e-01       5.00000000e-01       5.00089448e-01       5.00000000e-01       4.99910779e-01       5.00000000e-01       4.99999793e-01       5.00000000e-01
      8.80000000e-02       5.00000011e-01       5.00000000e-01       5.00000021e-01       5.00000000e-01       5.00000006e-01       5.00000000e-01       5.00093638e-01       5.00000000e-01       4.99906611e-01       5.00000000e-01       4.99999773e-01       5.00000000e-01
      9.00000000e-02       5.00000012e-01       5.00000000e-01       5.00000023e-01       5.00000000e-01       5.00000006e-01       5.00000000e-01       5.00097923e-01       5.00000000e-01       4.99902350e-01       5.00000000e-01       4.99999752e-01       5.00000000e-01
      9.20000000e-02       5.00000013e-01       5.00000000e-01       5.00000025e-01       5.00000000e-01       5.00000007e-01       5.00000000e-01       5.00102301e-01       5.00000000e-01       4.99897996e-01       5.00000000e-01       4.99999729e-01       5.00000000e-01
      9.40000000e-02       5.00000015e-01       5.00000000e-01       5.00000027e-01       5.00000000e-01       5.00000007e-01       5.00000000e-01       5.00106775e-01       5.00000000e-01       4.99893550e-01       5.00000000e-01       4.99999705e-01       5.00000000e-01
      9.60000000e-02       5.00000016e-01       5.00000000e-01       5.00000029e-01       5.00000000e-01       5.00000008e-01       5.00000000e-01       5.00111342e-01       5.00000000e-01       4.99889011e-01       5.00000000e-01       4.99999679e-01       5.00000000e-01
      9.80000000e-02       5.00000017e-01       5.00000000e-01       5.00000032e-01       5.00000000e-01       5.00000009e-01       5.00000000e-01       5.00116003e-01       5.00000000e-01       4.99884380e-01       5.00000000e-01       4.99999652e-01       5.00000000e-01
      1.00000000e-01       5.00000019e-01       5.00000000e-01       5.00000034e-01       5.00000000e-01       5.00000009e-01       5.00000000e-01       5.00120759e-01       5.00000000e-01       4.99879656e-01       5.00000000e-01       4.99999623e-01       5.00000000e-01
      1.02000000e-01       5.00000020e-01       5.00000000e-01       5.00000037e-01       5.00000000e-01       5.00000010e-01       5.00000000e-01       5.00125608e-01       5.00000000e-01       4.99874841e-01       5.00000000e-01       4.99999591e-01       5.00000000e-01
      1.04000000e-01       5.00000022e-01       5.00000000e-01       5.00000040e-01       5.00000000e-01       5.00000011e-01       5.00000000e-01       5.00130551e-01       5.00000000e-01       4.99869935e-01       5.00000000e-01       4.99999559e-01       5.00000000e-01
      1.06000000e-01       5.00000024e-01       5.00000000e-01       5.00000043e-01       5.00000000e-01       5.00000012e-01       5.00000000e-01       5.00135587e-01       5.00000000e-01       4.99864937e-01       5.00000000e-01       4.99999524e-01       5.00000000e-01
      1.08000000e-01       5.00000026e-01       5.00000000e-01       5.00000047e-01       5.00000000e-01       5.00000013e-01       5.00000000e-01       5.00140717e-01       5.00000000e-01       4.99859848e-01       5.00000000e-01       4.99999487e-01       5.00000000e-01
      1.10000000e-01       5.00000028e-01       5.00000000e-01       5.00000050e-01       5.00000000e-01       5.00000013e-01       5.00000000e-01       5.00145940e-01       5.00000000e-01       4.99854668e-01       5.00000000e-01       4.99999448e-01       5.00000000e-01
      1.12000000e-01       5.00000030e-01       5.00000000e-01       5.00000054e-01       5.00000000e-01       5.00000014e-01       5.00000000e-01       5.00151256e-01       5.00000000e-01       4.99849397e-01       5.00000000e-01       4.99999407e-01       5.00000000e-01
      1.14000000e-01       5.00000032e-01       5.00000000e-01       5.00000058e-01       5.00000000e-01       5.00000015e-01       5.00000000e-01       5.00156665e-01       5.00000000e-01       4.99844035e-01       5.00000000e-01       4.99999363e-01       5.00000000e-01
      1.16000000e-01       5.00000034e-01       5.00000000e-01       5.00000062e-01       5.00000000e-01       5.00000017e-01       5.00000000e-01       5.00162167e-01       5.00000000e-01       4.99838584e-01       5.00000000e-01       4.99999317e-01       5.00000000e-01
      1.18000000e-01       5.00000037e-01       5.00000000e-01       5.00000067e-01       5.00000000e-01       5.00000018e-01       5.00000000e-01       5.00167761e-01       5.00000000e-01       4.99833042e-01       5.00000000e-01       4.99999269e-01       5.00000000e-01
      1.20000000e-01       5.00000039e-01       5.00000000e-01       5.00000071e-01       5.00000000e-01       5.00000019e-01       5.00000000e-01       5.00173448e-01       5.00000000e-01       4.99827411e-01       5.00000000e-01       4.99999219e-01       5.00000000e-01
      1.22000000e-01       5.00000042e-01       5.00000000e-01       5.00000076e-01       5.00000000e-01       5.00000020e-01       5.00000000e-01       5.00179227e-01       5.00000000e-01       4.99821690e-01       5.00000000e-01       4.99999165e-01       5.00000000e-01
      1.24000000e-01       5.00000045e-01       5.00000000e-01       5.00000081e-01       5.00000000e-01       5.00000021e-01       5.00000000e-01       5.00185099e-01       5.00000000e-01       4.99815880e-01       5.00000000e-01       4.99999109e-01       5.00000000e-01
      1.26000000e-01       5.00000047e-01       5.00000000e-01       5.00000087e-01       5.00000000e-01       5.00000023e-01       5.00000000e-01       5.00191062e-01       5.00000000e-01       4.99809981e-01       5.00000000e-01       4.99999051e-01       5.00000000e-01
      1.28000000e-01       5.00000051e-01       5.00000000e-01       5.00000092e-01       5.00000000e-01       5.00000024e-01       5.00000000e-01       5.00197118e-01       5.00000000e-01       4.99803994e-01       5.00000000e-01       4.99998989e-01       5.00000000e-01
      1.30000000e-01       5.00000054e-01       5.00000000e-01       5.00000098e-01       5.00000000e-01       5.00000026e-01       5.00000000e-01       5.00203265e-01       5.00000000e-01       4.99797917e-01       5.00000000e-01       4.99998925e-01       5.00000000e-01
      1.32000000e-01       5.00000057e-01       5.00000000e-01       5.00000104e-01       5.00000000e-01       5.00000027e-01       5.00000000e-01       5.00209503e-01       5.00000000e-01       4.99791753e-01       5.00000000e-01       4.99998857e-01       5.00000000e-01
      1.34000000e-01       5.00000061e-01       5.00000000e-01       5.00000111e-01       5.00000000e-01       5.00000029e-01       5.00000000e-01       5.00215833e-01       5.00000000e-01       4.99785501e-01       5.00000000e-01       4.99998787e-01       5.00000000e-01
      1.36000000e-01       5.00000064e-01       5.00000000e-01       5.00000117e-01       5.00000000e-01       5.00000031e-01       5.00000000e-01       5.00222254e-01       5.00000000e-01       4.99779161e-01       5.00000000e-01       4.99998713e-01       5.00000000e-01
      1.38000000e-01       5.00000068e-01       5.00000000e-01       5.00000124e-01       5.00000000e-01       5.00000033e-01       5.00000000e-01       5.00228766e-01       5.00000000e-01       4.99772734e-01       5.00000000e-01       4.99998636e-01       5.00000000e-01
      1.40000000e-01       5.00000072e-01       5.00000000e-01       5.00000132e-01       5.00000000e-01       5.00000034e-01       5.00000000e-01       5.00235369e-01       5.00000000e-01       4.99766219e-01       5.00000000e-01       4.99998555e-01       5.00000000e-01
      1.42000000e-01       5.00000077e-01       5.00000000e-01       5.00000139e-01       5.00000000e-01       5.00000036e-01       5.00000000e-01       5.00242063e-01       5.00000000e-01       4.99759618e-01       5.00000000e-01       4.99998471e-01       5.00000000e-01
      1.44000000e-01       5.00000081e-01       5.00000000e-01       5.00000147e-01       5.00000000e-01       5.00000038e-01       5.00000000e-01       5.00248846e-01       5.00000000e-01       4.99752931e-01       5.00000000e-01       4.99998384e-01       5.00000000e-01
      1.46000000e-01       5.00000086e-01       5.00000000e-01       5.00000156e-01       5.00000000e-01       5.00000040e-01       5.00000000e-01       5.00255720e-01       5.00000000e-01       4.99746157e-01       5.00000000e-01       4.99998292e-01       5.00000000e-01
      1.48000000e-01       5.00000090e-01       5.00000000e-01       5.00000164e-01       5.00000000e-01       5.00000043e-01       5.00000000e-01       5.00262685e-01       5.00000000e-01       4.99739297e-01       5.00000000e-01       4.99998197e-01       5.00000000e-01
      1.50000000e-01       5.00000095e-01       5.00000000e-01       5.00000174e-01       5.00000000e-01       5.00000045e-01       5.00000000e-01       5.00269739e-01       5.00000000e-01       4.99732352e-01       5.00000000e-01       4.99998098e-01       5.00000000e-01
      1.52000000e-01       5.00000101e-01       5.00000000e-01       5.00000183e-01       5.00000000e-01       5.00000047e-01       5.00000000e-01       5.00276882e-01       5.00000000e-01       4.99725322e-01       5.00000000e-01       4.99997995e-01       5.00000000e-01
      1.54000000e-01       5.00000106e-01       5.00000000e-01       5.00000193e-01       5.00000000e-01       5.00000050e-01       5.00000000e-01       5.00284115e-01       5.00000000e-01       4.99718206e-01       5.00000000e-01       4.99997888e-01       5.00000000e-01
      1.56000000e-01       5.00000112e-01       5.00000000e-01       5.00000203e-01       5.00000000e-01       5.00000052e-01       5.00000000e-01       5.00291438e-01       5.00000000e-01       4.99711006e-01       5.00000000e-01       4.99997777e-01       5.00000000e-01
      1.58000000e-01       5.00000117e-01       5.00000000e-01       5.00000213e-01       5.00000000e-01       5.00000055e-01       5.00000000e-01       5.00298849e-01       5.00000000e-01       4.99703722e-01       5.00000000e-01       4.99997661e-01       5.00000000e-01
      1.60000000e-01       5.00000124e-01       5.00000000e-01       5.00000224e-01       5.00000000e-01       5.00000058e-01       5.00000000e-01       5.00306349e-01       5.00000000e-01       4.99696353e-01       5.00000000e-01       4.99997541e-01       5.00000000e-01
      1.62000000e-01       5.00000130e-01       5.00000000e-01       5.00000236e-01       5.00000000e-01       5.00000060e-01       5.00000000e-01       5.00313938e-01       5.00000000e-01       4.99688901e-01       5.00000000e-01       4.99997416e-01       5.00000000e-01
      1.64000000e-01       5.00000136e-01       5.00000000e-01       5.00000247e-01       5.00000000e-01       5.00000063e-01       5.00000000e-01       5.00321616e-01       5.00000000e-01       4.99681366e-01       5.00000000e-01       4.99997287e-01       5.00000000e-01
      1.66000000e-01       5.00000143e-01       5.00000000e-01       5.00000260e-01       5.00000000e-01       5.00000066e-01       5.00000000e-01       5.00329381e-01       5.00000000e-01       4.99673748e-01       5.00000000e-01       4.99997153e-01       5.00000000e-01
      1.68000000e-01       5.00000150e-01       5.00000000e-01       5.00000272e-01       5.00000000e-01       5.00000070e-01       5.00000000e-01       5.00337235e-01       5.00000000e-01       4.99666047e-01       5.00000000e-01       4.99997014e-01       5.00000000e-01
      1.70000000e-01       5.00000158e-01       5.00000000e-01       5.00000285e-01       5.00000000e-01       5.00000073e-01       5.00000000e-01       5.00345176e-01       5.00000000e-01       4.99658264e-01       5.00000000e-01       4.99996870e-01       5.00000000e-01
      1.72000000e-01       5.00000165e-01       5.00000000e-01       5.00000299e-01       5.00000000e-01       5.00000076e-01       5.00000000e-01       5.00353205e-01       5.00000000e-01       4.99650398e-01       5.00000000e-01       4.99996721e-01       5.00000000e-01
      1.74000000e-01       5.00000173e-01       5.00000000e-01       5.00000313e-01       5.00000000e-01       5.00000080e-01       5.00000000e-01       5.00361321e-01       5.00000000e-01       4.99642452e-01       5.00000000e-01       4.99996567e-01       5.00000000e-01
      1.76000000e-01       5.00000181e-01       5.00000000e-01       5.00000328e-01       5.00000000e-01       5.00000083e-01       5.00000000e-01       5.00369524e-01       5.00000000e-01       4.99634424e-01       5.00000000e-01       4.99996407e-01       5.00000000e-01
      1.78000000e-01       5.00000189e-01       5.00000000e-01       5.00000343e-01       5.00000000e-01       5.00000087e-01       5.00000000e-01       5.00377814e-01       5.00000000e-01       4.99626315e-01       5.00000000e-01       4.99996242e-01       5.00000000e-01
      1.80000000e-01       5.00000198e-01       5.00000000e-01       5.00000358e-01       5.00000000e-01       5.00000091e-01       5.00000000e-01       5.00386191e-01       5.00000000e-01       4.99618125e-01       5.00000000e-01       4.99996071e-01       5.00000000e-01
      1.82000000e-01       5.00000207e-01       5.00000000e-01       5.00000374e-01       5.00000000e-01       5.00000095e-01       5.00000000e-01       5.00394654e-01       5.00000000e-01       4.99609856e-01       5.00000000e-01       4.99995895e-01       5.00000000e-01
      1.84000000e-01       5.00000216e-01       5.00000000e-01       5.00000391e-01       5.00000000e-01       5.00000099e-01       5.00000000e-01       5.00403204e-01       5.00000000e-01       4.99601506e-01       5.00000000e-01       4.99995713e-01       5.00000000e-01
      1.86000000e-01       5.00000226e-01       5.00000000e-01       5.00000408e-01       5.00000000e-01       5.00000103e-01       5.00000000e-01       5.00411839e-01       5.00000000e-01       4.99593077e-01       5.00000000e-01       4.99995524e-01       5.00000000e-01
      1.88000000e-01       5.00000236e-01       5.00000000e-01       5.00000426e-01       5.00000000e-01       5.00000107e-01       5.00000000e-01       5.00420560e-01       5.00000000e-01       4.99584569e-01       5.00000000e-01       4.99995330e-01       5.00000000e-01
      1.90000000e-01       5.00000246e-01       5.00000000e-01       5.00000444e-01       5.00000000e-01       5.00000111e-01       5.00000000e-01       5.00429367e-01       5.00000000e-01       4.99575983e-01       5.00000000e-01       4.99995130e-01       5.00000000e-01
      1.92000000e-01       5.00000257e-01       5.00000000e-01       5.00000463e-01       5.00000000e-01       5.00000116e-01       5.00000000e-01       5.00438258e-01       5.00000000e-01       4.99567318e-01       5.00000000e-01       4.99994923e-01       5.00000000e-01
      1.94000000e-01       5.00000267e-01       5.00000000e-01       5.00000482e-01       5.00000000e-01       5.00000121e-01       5.00000000e-01       5.00447235e-01       5.00000000e-01       4.99558575e-01       5.00000000e-01       4.99994710e-01       5.00000000e-01
      1.96000000e-01       5.00000279e-01       5.00000000e-01       5.00000502e-01       5.00000000e-01       5.00000126e-01       5.00000000e-01       5.00456296e-01       5.00000000e-01       4.99549755e-01       5.00000000e-01       4.99994490e-01       5.00000000e-01
      1.98000000e-01       5.00000290e-01       5.00000000e-01       5.00000523e-01       5.00000000e-01       5.00000131e-01       5.00000000e-01       5.00465442e-01       5.00000000e-01       4.99540858e-01       5.00000000e-01       4.99994263e-01       5.00000000e-01
      2.00000000e-01       5.00000302e-01       5.00000000e-01       5.00000544e-01       5.00000000e-01       5.00000136e-01       5.00000000e-01       5.00474672e-01       5.00000000e-01       4.99531884e-01       5.00000000e-01       4.99994030e-01       5.00000000e-01
