      2.00000000e-03      -6.98185950e+00       6.00000000e+00       6.00000000e+00       4.00000000e+00       1.20000000e+01       1.00000000e+00       1.00000000e+00       1.00000000e+00       1.00000000e+00       1.00000000e+00       9.99999990e-01       1.00000000e+00       9.99999999e-01       1.00000000e+00      -3.97308421e-09       1.83646635e-16       1.20767373e-09      -9.15726739e-17      -7.47588554e-09      -1.10263743e-16       0.00000000e+00       1.35639774e-16      -1.50542240e-29
      4.00000000e-03      -6.98185954e+00       6.00000000e+00       6.00000000e+00       4.00000000e+00       1.20000000e+01       1.00000000e+00       1.00000000e+00       1.00000000e+00       1.00000001e+00       1.00000000e+00       9.99999960e-01       1.00000000e+00       9.99999994e-01       1.00000000e+00      -1.58924427e-08       1.83646608e-16       4.83065501e-09      -9.15711257e-17      -2.99034275e-08      -1.10265264e-16       0.00000000e+00       1.35639774e-16      -1.65135396e-28
      6.00000000e-03      -6.98185960e+00       6.00000000e+00       6.00000000e+00       4.00000000e+00       1.20000000e+01       1.00000000e+00       1.00000000e+00       1.00000000e+00       1.00000002e+00       1.00000000e+00       9.99999910e-01       1.00000000e+00       9.99999987e-01       1.00000000e+00      -3.57583917e-08       1.83646573e-16       1.08688236e-08      -9.15685059e-17      -6.72822826e-08      -1.10267849e-16       0.00000000e+00       1.35639774e-16      -1.11982811e-28
      8.00000000e-03      -6.98185968e+00       6.00000000e+00       6.00000000e+00       4.00000000e+00       1.20000000e+01       1.00000000e+00       1.00000000e+00       1.00000000e+00       1.00000003e+00       1.00000000e+00       9.99999839e-01       1.00000000e+00       9.99999977e-01       1.00000000e+00      -6.35714587e-08       1.83646522e-16       1.93219792e-08      -9.15648577e-17      -1.19611879e-07      -1.10271447e-16       0.00000000e+00       1.35639774e-16      -1.00541247e-28
      1.00000000e-02      -6.98185979e+00       6.00000000e+00       6.00000000e+00       4.00000000e+00       1.20000000e+01       1.00000000e+00       1.00000000e+00       1.00000000e+00       1.00000005e+00       1.00000000e+00       9.99999749e-01       1.00000000e+00       9.99999964e-01       1.00000000e+00      -9.93323823e-08       1.83646407e-16       3.01898411e-08      -9.15602905e-17      -1.86891415e-07      -1.10275899e-16       0.00000000e+00       1.35639774e-16      -9.22520443e-29
      1.20000000e-02      -6.98185992e+00       6.00000000e+00       6.00000000e+00       4.00000000e+00       1.20000000e+01       1.00000000e+00       1.00000000e+00       1.00000000e+00       1.00000007e+00       1.00000000e+00       9.99999638e-01       1.00000000e+00       9.99999948e-01       1.00000000e+00      -1.43042112e-07       1.83646363e-16       4.34720493e-08      -9.15546367e-17      -2.69119860e-07      -1.10281508e-16       0.00000000e+00       1.35639774e-16      -1.98583407e-28
      1.40000000e-02      -6.98186007e+00       6.00000000e+00       6.00000000e+00       4.00000000e+00       1.20000000e+01       1.00000000e+00       1.00000000e+00       1.00000000e+00       1.00000009e+00       1.00000000e+00       9.99999508e-01       1.00000000e+00       9.99999930e-01       1.00000000e+00      -1.94701807e-07       1.83646357e-16       5.91681625e-08      -9.15479663e-17      -3.66295956e-07      -1.10288173e-16       0.00000000e+00       1.35639774e-16      -2.43092418e-28
      1.60000000e-02      -6.98186025e+00       6.00000000e+00       6.00000000e+00       4.00000000e+00       1.20000000e+01       1.00000000e+00       1.00000000e+00       1.00000000e+00       1.00000012e+00       1.00000000e+00       9.99999357e-01       1.00000000e+00       9.99999908e-01       1.00000000e+00      -2.54312838e-07       1.83646296e-16       7.72776601e-08      -9.15402789e-17      -4.78418214e-07      -1.10295799e-16       0.00000000e+00       1.35639774e-16      -3.20456254e-28
      1.80000000e-02      -6.98186045e+00       6.00000000e+00       6.00000000e+00       4.00000000e+00       1.20000000e+01       1.00000000e+00       1.00000000e+00       1.00000000e+00       1.00000016e+00       1.00000000e+00       9.99999186e-01       1.00000000e+00       9.99999884e-01       1.00000000e+00      -3.21876788e-07       1.83646431e-16       9.77999410e-08      -9.15312849e-17      -6.05484917e-07      -1.10304928e-16       0.00000000e+00       1.35639774e-16      -3.11849658e-28
      2.00000000e-02      -6.98186068e+00       6.00000000e+00       6.00000000e+00       4.00000000e+00       1.20000000e+01       1.00000000e+00       1.00000000e+00       1.00000000e+00       1.00000019e+00       1.00000000e+00       9.99998995e-01       1.00000000e+00       9.99999857e-01       1.00000000e+00      -3.97395448e-07       1.83646561e-16       1.20734324e-07      -9.15212134e-17      -7.47494119e-07      -1.10315130e-16       0.00000000e+00       1.35639774e-16      -2.55486163e-28
      2.20000000e-02      -6.98186093e+00       6.00000000e+00       6.00000000e+00       4.00000000e+00       1.20000000e+01       1.00000000e+00       1.00000000e+00       1.00000000e+00       1.00000023e+00       1.00000000e+00       9.99998784e-01       1.00000000e+00       9.99999827e-01       1.00000000e+00      -4.80870820e-07       1.83646771e-16       1.46080047e-07      -9.15100198e-17      -9.04443645e-07      -1.10326533e-16       0.00000000e+00       1.35639774e-16      -2.89256189e-28
      2.40000000e-02      -6.98186120e+00       6.00000000e+00       6.00000000e+00       4.00000000e+00       1.20000000e+01       1.00000000e+00       1.00000000e+00       1.00000000e+00       1.00000028e+00       1.00000000e+00       9.99998553e-01       1.00000000e+00       9.99999794e-01       1.00000000e+00      -5.72305117e-07       1.83647078e-16       1.73836269e-07      -9.14977428e-17      -1.07633109e-06      -1.10339117e-16       0.00000000e+00       1.35639774e-16      -3.71390167e-28
      2.60000000e-02      -6.98186150e+00       6.00000000e+00       6.00000000e+00       4.00000000e+00       1.20000000e+01       1.00000000e+00       1.00000000e+00       1.00000000e+00       1.00000032e+00       1.00000000e+00       9.99998302e-01       1.00000000e+00       9.99999758e-01       1.00000000e+00      -6.71700763e-07       1.83647654e-16       2.04002066e-07      -9.14839816e-17      -1.26315382e-06      -1.10353454e-16       0.00000000e+00       1.35639774e-16      -2.80301385e-28
      2.80000000e-02      -6.98186182e+00       6.00000000e+00       6.00000000e+00       4.00000000e+00       1.20000000e+01       1.00000000e+00       1.00000000e+00       1.00000000e+00       1.00000038e+00       1.00000000e+00       9.99998031e-01       1.00000000e+00       9.99999719e-01       1.00000000e+00      -7.79060389e-07       1.83648226e-16       2.36576438e-07      -9.14692781e-17      -1.46490898e-06      -1.10368730e-16       0.00000000e+00       1.35639774e-16      -2.58342702e-28
      3.00000000e-02      -6.98186217e+00       6.00000000e+00       6.00000000e+00       4.00000000e+00       1.20000000e+01       1.00000000e+00       1.00000000e+00       1.00000000e+00       1.00000043e+00       1.00000000e+00       9.99997739e-01       1.00000000e+00       9.99999677e-01       1.00000000e+00      -8.94386839e-07       1.83648879e-16       2.71558300e-07      -9.14534393e-17      -1.68159347e-06      -1.10385222e-16       0.00000000e+00       1.35639774e-16      -2.33188516e-28
      3.20000000e-02      -6.98186253e+00       6.00000000e+00       6.00000000e+00       4.00000000e+00       1.20000000e+01       1.00000000e+00       1.00000000e+00       1.00000000e+00       1.00000049e+00       1.00000000e+00       9.99997428e-01       1.00000000e+00       9.99999633e-01       1.00000000e+00      -1.01768316e-06       1.83649575e-16       3.08946490e-07      -9.14364769e-17      -1.91320397e-06      -1.10402880e-16       0.00000000e+00       1.35639774e-16      -2.48183036e-28
      3.40000000e-02      -6.98186293e+00       6.00000000e+00       6.00000000e+00       4.00000000e+00       1.20000000e+01       1.00000000e+00       1.00000000e+00       1.00000000e+00       1.00000055e+00       1.00000000e+00       9.99997097e-01       1.00000000e+00       9.99999585e-01       1.00000000e+00      -1.14895263e-06       1.83650293e-16       3.48739763e-07      -9.14186078e-17      -2.15973693e-06      -1.10421467e-16       0.00000000e+00       1.35639774e-16      -3.17054291e-28
      3.60000000e-02      -6.98186334e+00       6.00000000e+00       6.00000000e+00       4.00000000e+00       1.20000000e+01       1.00000000e+00       1.00000000e+00       1.00000000e+00       1.00000062e+00       1.00000000e+00       9.99996745e-01       1.00000000e+00       9.99999535e-01       1.00000000e+00      -1.28819870e-06       1.83651004e-16       3.90936794e-07      -9.13998411e-17      -2.42118858e-06      -1.10440945e-16       0.00000000e+00       1.35639774e-16      -3.76496193e-28
      3.80000000e-02      -6.98186378e+00       6.00000000e+00       6.00000000e+00       4.00000000e+00       1.20000000e+01       1.00000000e+00       1.00000000e+00       1.00000000e+00       1.00000069e+00       1.00000000e+00       9.99996374e-01       1.00000000e+00       9.99999482e-01       1.00000000e+00      -1.43542506e-06       1.83652000e-16       4.35536180e-07      -9.13795112e-17      -2.69755490e-06      -1.10462270e-16       0.00000000e+00       1.35639774e-16      -4.55517869e-28
      4.00000000e-02      -6.98186425e+00       6.00000000e+00       6.00000000e+00       4.00000000e+00       1.20000000e+01       1.00000000e+00       1.00000000e+00       1.00000000e+00       1.00000077e+00       1.00000000e+00       9.99995982e-01       1.00000000e+00       9.99999426e-01       1.00000000e+00      -1.59063560e-06       1.83652894e-16       4.82536433e-07      -9.13582740e-17      -2.98883166e-06      -1.10484402e-16       0.00000000e+00       1.35639774e-16      -4.53890843e-28
      4.20000000e-02      -6.98186473e+00       6.00000000e+00       6.00000000e+00       4.00000000e+00       1.20000000e+01       1.00000000e+00       1.00000000e+00       1.00000000e+00       1.00000084e+00       1.00000000e+00       9.99995570e-01       1.00000000e+00       9.99999367e-01       1.00000000e+00      -1.75383441e-06       1.83653675e-16       5.31935987e-07      -9.13361619e-17      -3.29501438e-06      -1.10507295e-16       0.00000000e+00       1.35639774e-16      -5.83720092e-28
      4.40000000e-02      -6.98186524e+00       6.00000000e+00       6.00000000e+00       4.00000000e+00       1.20000000e+01       1.00000000e+00       1.00000000e+00       1.00000000e+00       1.00000093e+00       1.00000000e+00       9.99995139e-01       1.00000000e+00       9.99999305e-01       1.00000000e+00      -1.92502579e-06       1.84018120e-16       5.83733196e-07      -9.13131417e-17      -3.61609838e-06      -1.10531103e-16       0.00000000e+00       1.35639774e-16      -5.62901560e-28
      4.60000000e-02      -6.98186578e+00       6.00000000e+00       6.00000000e+00       4.00000000e+00       1.20000000e+01       1.00000000e+00       1.00000000e+00       1.00000000e+00       1.00000101e+00       1.00000000e+00       9.99994687e-01       1.00000000e+00       9.99999240e-01       1.00000000e+00      -2.10421427e-06       1.84018667e-16       6.37926331e-07      -9.12893579e-17      -3.95207872e-06      -1.10555434e-16       0.00000000e+00       1.35639774e-16      -6.22781033e-28
      4.80000000e-02      -6.98186634e+00       6.00000001e+00       6.00000000e+00       4.00000000e+00       1.20000000e+01       1.00000000e+00       1.00000000e+00       1.00000000e+00       1.00000110e+00       1.00000000e+00       9.99994215e-01       1.00000000e+00       9.99999172e-01       1.00000000e+00      -2.29140457e-06       1.84019332e-16       6.94513583e-07      -9.12644106e-17      -4.30295026e-06      -1.10581046e-16       0.00000000e+00       1.35639774e-16      -5.73397108e-28
      5.00000000e-02      -6.98186692e+00       6.00000001e+00       6.00000000e+00       4.00000000e+00       1.20000000e+01       1.00000000e+00       1.00000000e+00       1.00000000e+00       1.00000120e+00       1.00000000e+00       9.99993723e-01       1.00000000e+00       9.99999102e-01       1.00000000e+00      -2.48660160e-06       1.84019676e-16       7.53493062e-07      -9.12386337e-17      -4.66870760e-06      -1.10607167e-16       0.00000000e+00       1.35639774e-16      -5.86807743e-28
      5.20000000e-02      -6.98186752e+00       6.00000001e+00       6.00000000e+00       4.00000000e+00       1.20000000e+01       1.00000000e+00       1.00000000e+00       1.00000000e+00       1.00000129e+00       1.00000000e+00       9.99993211e-01       1.00000000e+00       9.99999028e-01       1.00000000e+00      -2.68981051e-06       1.84020017e-16       8.14862796e-07      -9.12119114e-17      -5.04934513e-06      -1.10634230e-16       0.00000000e+00       1.35639774e-16      -6.38293243e-28
      5.40000000e-02      -6.98186815e+00       6.00000001e+00       6.00000000e+00       4.00000000e+00       1.20000000e+01       1.00000000e+00       1.00000000e+00       1.00000000e+00       1.00000139e+00       1.00000000e+00       9.99992680e-01       1.00000000e+00       9.99998952e-01       1.00000000e+00      -2.90103663e-06       1.84020645e-16       8.78620733e-07      -9.11838821e-17      -5.44485700e-06      -1.10662888e-16       0.00000000e+00       1.35639774e-16      -6.75061557e-28
      5.60000000e-02      -6.98186881e+00       6.00000001e+00       6.00000000e+00       4.00000000e+00       1.20000000e+01       1.00000000e+00       1.00000000e+00       1.00000000e+00       1.00000150e+00       1.00000000e+00       9.99992128e-01       1.00000000e+00       9.99998872e-01       1.00000000e+00      -3.12028552e-06       1.84021158e-16       9.44764740e-07      -9.11548662e-17      -5.85523715e-06      -1.10692416e-16       0.00000000e+00       1.35639774e-16      -7.38299852e-28
      5.80000000e-02      -6.98186948e+00       6.00000001e+00       6.00000000e+00       4.00000000e+00       1.20000000e+01       1.00000000e+00       1.00000000e+00       1.00000000e+00       1.00000173e+00       1.00000000e+00       9.99991611e-01       1.00000000e+00       9.99998790e-01       1.00000000e+00      -3.34756292e-06       1.84021564e-16       1.01329260e-06      -9.11247675e-17      -6.28047926e-06      -1.10722922e-16       0.00000000e+00       1.35639774e-16      -8.25351885e-28
      6.00000000e-02      -6.98187018e+00       6.00000001e+00       6.00000000e+00       4.00000000e+00       1.20000000e+01       1.00000000e+00       1.00000000e+00       1.00000000e+00       1.00000217e+00       1.00000000e+00       9.99990685e-01       1.00000000e+00       9.99998705e-01       1.00000000e+00      -3.58287481e-06       1.84022239e-16       1.08420202e-06      -9.10931679e-17      -6.72057680e-06      -1.10755196e-16       0.00000000e+00       1.35639774e-16      -8.30442503e-28
      6.20000000e-02      -6.98187091e+00       6.00000001e+00       6.00000000e+00       4.00000000e+00       1.20000000e+01       1.00000000e+00       1.00000000e+00       1.00000000e+00       1.00000260e+00       1.00000000e+00       9.99989764e-01       1.00000000e+00       9.99998616e-01       1.00000000e+00      -3.82622734e-06       1.84022582e-16       1.15749062e-06      -9.10606968e-17      -7.17552302e-06      -1.10788009e-16       0.00000000e+00       1.35639774e-16      -6.46465349e-28
      6.40000000e-02      -6.98187165e+00       6.00000002e+00       6.00000000e+00       4.00000000e+00       1.20000000e+01       1.00000000e+00       1.00000000e+00       1.00000000e+00       1.00000301e+00       1.00000000e+00       9.99988840e-01       1.00000000e+00       9.99998525e-01       1.00000000e+00      -4.07762689e-06       1.84022824e-16       1.23315594e-06      -9.10274508e-17      -7.64531093e-06      -1.10821498e-16       0.00000000e+00       1.35639774e-16      -6.80558931e-28
      6.60000000e-02      -6.98187242e+00       6.00000002e+00       6.00000000e+00       4.00000000e+00       1.20000000e+01       1.00000000e+00       1.00000000e+00       1.00000000e+00       1.00001476e+00       1.00000000e+00       9.99978854e-01       1.00000000e+00       1.00000636e+00       1.00000000e+00      -4.33708005e-06       1.84023112e-16       1.31119545e-06      -9.19650986e-17      -8.12993333e-06      -1.10856105e-16       0.00000000e+00       1.35639774e-16      -7.48579695e-28
      6.80000000e-02      -6.98187322e+00       6.00000002e+00       6.00000000e+00       4.00000000e+00       1.20000000e+01       1.00000000e+00       1.00000000e+00       1.00000000e+00       1.00001150e+00       1.00000000e+00       9.99975862e-01       1.00000000e+00       1.00000495e+00       1.00000000e+00      -4.60459359e-06       1.84023436e-16       2.01299468e-06      -9.19297476e-17      -9.25072901e-06      -1.10891780e-16       0.00000000e+00       1.35639774e-16      -7.53719617e-28
      7.00000000e-02      -6.98187404e+00       6.00000002e+00       6.00000000e+00       4.00000000e+00       1.20000000e+01       1.00000000e+00       1.00000000e+00       1.00000000e+00       1.00001178e+00       1.00000000e+00       9.99973021e-01       1.00000000e+00       1.00000686e+00       1.00000000e+00      -4.32898366e-06       1.84023613e-16       9.79068225e-06      -9.18927165e-17      -1.80111883e-05      -1.10928988e-16       0.00000000e+00       1.35639774e-16      -8.27823238e-28
      7.20000000e-02      -6.98187488e+00       6.00000003e+00       6.00000000e+00       4.00000000e+00       1.20000000e+01       1.00000000e+00       1.00000000e+00       1.00000000e+00       1.00001207e+00       1.00000000e+00       9.99970286e-01       1.00000000e+00       1.00000864e+00       1.00000000e+00      -3.56356846e-06       1.84023727e-16       1.52689603e-05      -9.18545642e-17      -2.49824811e-05      -1.10967255e-16       0.00000000e+00       1.35639774e-16      -8.92398899e-28
      7.40000000e-02      -6.98187574e+00       6.00000003e+00       6.00000000e+00       4.00000000e+00       1.20000000e+01       1.00000000e+00       1.00000000e+00       1.00000000e+00       1.00001235e+00       1.00000000e+00       9.99967616e-01       1.00000000e+00       1.00001033e+00       1.00000000e+00      -3.70389492e-06       1.84024038e-16       2.00511166e-05      -9.18151600e-17      -3.03724285e-05      -1.11006970e-16       0.00000000e+00       1.35639774e-16      -8.86149642e-28
      7.60000000e-02      -6.98187663e+00       6.00000003e+00       6.00000000e+00       4.00000000e+00       1.20000000e+01       1.00000000e+00       1.00000000e+00       1.00000000e+00       1.00001263e+00       1.00000000e+00       9.99964985e-01       1.00000000e+00       1.00001197e+00       1.00000000e+00      -4.21793446e-06       1.84024306e-16       2.44796968e-05      -9.17746328e-17      -3.50556090e-05      -1.11047765e-16       0.00000000e+00       1.35639774e-16      -8.77829624e-28
      7.80000000e-02      -6.98187754e+00       6.00000004e+00       6.00000000e+00       4.00000000e+00       1.20000000e+01       1.00000000e+00       1.00000000e+00       1.00000000e+00       1.00001292e+00       1.00000000e+00       9.99962372e-01       1.00000000e+00       1.00001356e+00       1.00000000e+00      -4.92688035e-06       1.84024640e-16       2.86875765e-05      -9.17327392e-17      -3.93437079e-05      -1.11089992e-16       0.00000000e+00       1.35639774e-16      -8.41431089e-28
      8.00000000e-02      -6.98187848e+00       6.00000004e+00       6.00000000e+00       4.00000000e+00       1.20000000e+01       1.00000000e+00       1.00000000e+00       1.00000000e+00       1.00001320e+00       1.00000000e+00       9.99959766e-01       1.00000000e+00       1.00001512e+00       1.00000000e+00      -5.74823056e-06       1.84024942e-16       3.27465073e-05      -9.16898695e-17      -4.33909814e-05      -1.11133165e-16       0.00000000e+00       1.35639774e-16      -9.00866828e-28
      8.20000000e-02      -6.98187943e+00       6.00000005e+00       6.00000000e+00       4.00000000e+00       1.20000000e+01       1.00000000e+00       1.00000000e+00       1.00000000e+00       1.00001349e+00       1.00000000e+00       9.99957155e-01       1.00000000e+00       1.00001667e+00       1.00000000e+00      -6.63798365e-06       1.84025075e-16       3.67017613e-05      -9.16460342e-17      -4.72867053e-05      -1.11177132e-16       0.00000000e+00       1.35639774e-16      -8.49689477e-28
      8.40000000e-02      -6.98188042e+00       6.00000005e+00       6.00000000e+00       4.00000000e+00       1.20000000e+01       1.00000000e+00       1.00000000e+00       1.00000000e+00       1.00001379e+00       1.00000000e+00       9.99954533e-01       1.00000000e+00       1.00001820e+00       1.00000000e+00      -7.57067189e-06       1.84025365e-16       4.05845841e-05      -9.16011022e-17      -5.10875955e-05      -1.11222355e-16       0.00000000e+00       1.35639774e-16      -8.67414195e-28
      8.60000000e-02      -6.98188142e+00       6.00000005e+00       6.00000000e+00       4.00000000e+00       1.20000000e+01       1.00000000e+00       1.00000000e+00       1.00000000e+00       1.00001408e+00       1.00000000e+00       9.99951894e-01       1.00000000e+00       1.00001973e+00       1.00000000e+00      -8.53082406e-06       1.84025624e-16       4.44178304e-05      -9.15548658e-17      -5.48319804e-05      -1.11268850e-16       0.00000000e+00       1.35639774e-16      -1.02852671e-27
      8.80000000e-02      -6.98188245e+00       6.00000006e+00       6.00000000e+00       4.00000000e+00       1.20000000e+01       1.00000000e+00       1.00000000e+00       1.00000000e+00       1.00001439e+00       1.00000000e+00       9.99949232e-01       1.00000000e+00       1.00002126e+00       1.00000000e+00      -9.50878741e-06       1.84025762e-16       4.82189089e-05      -9.15079312e-17      -5.85469239e-05      -1.11315922e-16       0.00000000e+00       1.35639774e-16      -1.17451528e-27
      9.00000000e-02      -6.98188350e+00       6.00000007e+00       6.00000000e+00       4.00000000e+00       1.20000000e+01       1.00000000e+00       1.00000000e+00       1.00000000e+00       1.00001469e+00       1.00000000e+00       9.99946543e-01       1.00000000e+00       1.00002278e+00       1.00000000e+00      -1.04984806e-05       1.84389760e-16       5.20014820e-05      -9.14597204e-17      -6.22521723e-05      -1.11364474e-16       0.00000000e+00       1.35639774e-16      -1.12383097e-27
      9.20000000e-02      -6.98188457e+00       6.00000007e+00       6.00000000e+00       4.00000000e+00       1.20000000e+01       1.00000000e+00       1.00000000e+00       1.00000000e+00       1.00001501e+00       1.00000000e+00       9.99943826e-01       1.00000000e+00       1.00002432e+00       1.00000000e+00      -1.14960982e-05       1.84390439e-16       5.57765196e-05      -9.14099610e-17      -6.59625034e-05      -1.11414913e-16       0.00000000e+00       1.35639774e-16      -9.95825959e-28
      9.40000000e-02      -6.98188567e+00       6.00000008e+00       6.00000000e+00       4.00000000e+00       1.20000000e+01       1.00000000e+00       1.00000000e+00       1.00000000e+00       1.00001468e+00       1.00000000e+00       9.99941097e-01       1.00000000e+00       1.00002761e+00       1.00000000e+00      -1.24993237e-05       1.84391090e-16       5.95529903e-05      -9.13589641e-17      -6.96892052e-05      -1.11466561e-16       0.00000000e+00       1.35639774e-16      -1.11146804e-27
      9.60000000e-02      -6.98188679e+00       6.00000009e+00       6.00000000e+00       4.00000000e+00       1.20000000e+01       1.00000000e+00       1.00000000e+00       1.00000000e+00       1.00001312e+00       1.00000000e+00       9.99938317e-01       1.00000000e+00       1.00003087e+00       1.00000000e+00      -1.35068314e-05       1.84391835e-16       6.33383342e-05      -9.13061622e-17      -7.34410458e-05      -1.08370264e-16       0.00000000e+00       1.35639774e-16      -1.13655135e-27
      9.80000000e-02      -6.98188794e+00       6.00000009e+00       6.00000000e+00       4.00000000e+00       1.20000000e+01       1.00000000e+00       1.00000000e+00       1.00000000e+00       1.00001202e+00       1.00000000e+00       9.99935513e-01       1.00000000e+00       1.00003381e+00       1.00000000e+00      -1.45179614e-05       1.84392709e-16       6.71387979e-05      -9.12523197e-17      -7.72249346e-05      -1.08424981e-16       0.00000000e+00       1.35639774e-16      -1.14795285e-27
      1.00000000e-01      -6.98188911e+00       6.00000010e+00       6.00000000e+00       4.00000000e+00       1.20000000e+01       1.00000000e+00       1.00000000e+00       1.00000000e+00       1.00001114e+00       1.00000000e+00       9.99932674e-01       1.00000000e+00       1.00003656e+00       1.00000000e+00      -1.55325023e-05       1.84393687e-16       7.09596792e-05      -9.82177407e-17      -8.10463836e-05      -1.08481184e-16       0.00000000e+00       1.35639774e-16      -1.18801220e-27
      1.02000000e-01      -6.98189030e+00       6.00000011e+00       6.00000000e+00       4.00000000e+00       1.20000000e+01       1.00000000e+00       1.00000000e+00       1.00000000e+00       1.00001041e+00       1.00000000e+00       9.99929796e-01       1.00000000e+00       1.00003920e+00       1.00000000e+00      -1.65505434e-05       1.84394506e-16       7.48055101e-05      -9.81613277e-17      -8.49098381e-05      -1.08538416e-16       0.00000000e+00       1.35639774e-16      -1.20026419e-27
      1.04000000e-01      -6.98189151e+00       6.00000012e+00       6.00000000e+00       4.00000000e+00       1.20000000e+01       1.00000000e+00       1.00000000e+00       1.00000000e+00       1.00000977e+00       1.00000000e+00       9.99926876e-01       1.00000000e+00       1.00004176e+00       1.00000000e+00      -1.75723723e-05       1.84395173e-16       7.86801957e-05      -9.81037888e-17      -8.88189187e-05      -1.13635780e-16       0.00000000e+00       1.35639774e-16      -1.15725895e-27
      1.06000000e-01      -6.98189275e+00       6.00000013e+00       6.00000000e+00       4.00000000e+00       1.20000000e+01       1.00000000e+00       1.00000000e+00       1.00000000e+00       1.00000921e+00       1.00000000e+00       9.99923913e-01       1.00000000e+00       1.00004428e+00       1.00000000e+00      -1.85984044e-05       1.84395674e-16       8.25871232e-05      -9.80458457e-17      -9.27766000e-05      -1.13694223e-16       0.00000000e+00       1.35639774e-16      -1.18125758e-27
      1.08000000e-01      -6.98189401e+00       6.00000014e+00       6.00000000e+00       4.00000000e+00       1.20000000e+01       1.00000000e+00       1.00000000e+00       1.00000000e+00       1.00000870e+00       1.00000000e+00       9.99920906e-01       1.00000000e+00       1.00004676e+00       1.00000000e+00      -1.96291327e-05       1.84396200e-16       8.65292463e-05      -9.79869811e-17      -9.67853456e-05      -1.13753614e-16       0.00000000e+00       1.35639774e-16      -1.30160817e-27
      1.10000000e-01      -6.98189529e+00       6.00000015e+00       6.00000000e+00       4.00000000e+00       1.20000000e+01       1.00000000e+00       1.00000000e+00       1.00000000e+00       1.00000824e+00       1.00000000e+00       9.99917853e-01       1.00000000e+00       1.00004923e+00       1.00000000e+00      -2.06650933e-05       1.84396523e-16       9.05091540e-05      -9.79273573e-17      -1.00847212e-04      -1.13813561e-16       0.00000000e+00       1.35639774e-16      -1.17044772e-27
      1.12000000e-01      -6.98189660e+00       6.00000016e+00       6.00000000e+00       4.00000000e+00       1.20000000e+01       1.00000000e+00       1.00000000e+00       1.00000000e+00       1.00000782e+00       1.00000000e+00       9.99914753e-01       1.00000000e+00       1.00005168e+00       1.00000000e+00      -2.17068407e-05       1.84396607e-16       9.45291253e-05      -9.78669966e-17      -1.04963925e-04      -1.13874006e-16       0.00000000e+00       1.35639774e-16      -1.12431168e-27
      1.14000000e-01      -6.98189793e+00       6.00000017e+00       6.00000000e+00       4.00000000e+00       1.20000000e+01       1.00000000e+00       1.00000000e+00       1.00000000e+00       1.00000743e+00       1.00000000e+00       9.99911607e-01       1.00000000e+00       1.00005414e+00       1.00000000e+00      -2.27549315e-05       1.84396638e-16       9.85911741e-05      -9.78057419e-17      -1.09136947e-04      -1.13935291e-16       0.00000000e+00       1.35639774e-16      -1.21792728e-27
      1.16000000e-01      -6.98189928e+00       6.00000018e+00       6.00000000e+00       4.00000000e+00       1.20000000e+01       1.00000000e+00       1.00000000e+00       1.00000000e+00       1.00000706e+00       1.00000000e+00       9.99908412e-01       1.00000000e+00       1.00005659e+00       1.00000000e+00      -2.38099121e-05       1.84396505e-16       1.02697086e-04      -9.77436098e-17      -1.13367520e-04      -1.13997290e-16       0.00000000e+00       1.35639774e-16      -1.34884121e-27
      1.18000000e-01      -6.98190065e+00       6.00000019e+00       6.00000000e+00       4.00000000e+00       1.20000000e+01       1.00000000e+00       1.00000000e+00       1.00000000e+00       1.00000672e+00       1.00000000e+00       9.99905170e-01       1.00000000e+00       1.00005905e+00       1.00000000e+00      -2.48723119e-05       1.84396454e-16       1.06848451e-04      -9.76801068e-17      -1.17656705e-04      -1.14060742e-16       0.00000000e+00       1.35639774e-16      -1.41155566e-27
      1.20000000e-01      -6.98190205e+00       6.00000021e+00       6.00000000e+00       4.00000000e+00       1.20000000e+01       1.00000000e+00       1.00000000e+00       1.00000000e+00       1.00000640e+00       1.00000000e+00       9.99901880e-01       1.00000000e+00       1.00006152e+00       1.00000000e+00      -2.59426376e-05       1.84569960e-16       1.11046684e-04      -9.76165787e-17      -1.22005417e-04      -1.14123940e-16       0.00000000e+00       1.35639774e-16      -1.43673758e-27
      1.22000000e-01      -6.98190347e+00       6.00000022e+00       6.00000000e+00       4.00000000e+00       1.20000000e+01       1.00000000e+00       1.00000000e+00       1.00000000e+00       1.00000609e+00       1.00000000e+00       9.99898540e-01       1.00000000e+00       1.00006401e+00       1.00000000e+00      -2.70213707e-05       1.83793229e-16       1.15293053e-04      -9.75519015e-17      -1.26414445e-04      -1.14188289e-16       0.00000000e+00       1.35639774e-16      -1.46077318e-27
      1.24000000e-01      -6.98190492e+00       6.00000024e+00       6.00000000e+00       4.00000000e+00       1.20000000e+01       1.00000000e+00       1.00000000e+00       1.00000000e+00       1.00000580e+00       1.00000000e+00       9.99895152e-01       1.00000000e+00       1.00006651e+00       1.00000000e+00      -2.81089657e-05       1.83792649e-16       1.19588692e-04      -9.74865529e-17      -1.30884472e-04      -1.14253058e-16       0.00000000e+00       1.35639774e-16      -1.47991538e-27
      1.26000000e-01      -6.98190638e+00       6.00000025e+00       6.00000000e+00       4.00000000e+00       1.20000000e+01       1.00000000e+00       1.00000000e+00       1.00000000e+00       1.00000552e+00       1.00000000e+00       9.99891715e-01       1.00000000e+00       1.00006902e+00       1.00000000e+00      -2.92058497e-05       1.83791901e-16       1.23934623e-04      -9.74204015e-17      -1.35416093e-04      -1.14318461e-16       0.00000000e+00       1.35639774e-16      -1.55404366e-27
      1.28000000e-01      -6.98190787e+00       6.00000027e+00       6.00000000e+00       4.00000000e+00       1.20000000e+01       1.00000000e+00       1.00000000e+00       1.00000000e+00       1.00000525e+00       1.00000000e+00       9.99888228e-01       1.00000000e+00       1.00007156e+00       1.00000000e+00      -3.03124226e-05       1.83791346e-16       1.28331760e-04      -9.73527810e-17      -1.40009830e-04      -1.14385527e-16       0.00000000e+00       1.35639774e-16      -1.54571131e-27
      1.30000000e-01      -6.98190938e+00       6.00000028e+00       6.00000000e+00       4.00000000e+00       1.20000000e+01       1.00000000e+00       1.00000000e+00       1.00000000e+00       1.00000499e+00       1.00000000e+00       9.99884692e-01       1.00000000e+00       1.00007411e+00       1.00000000e+00      -3.14290574e-05       1.83791240e-16       1.32780931e-04      -9.72834441e-17      -1.44666137e-04      -1.14454758e-16       0.00000000e+00       1.35639774e-16      -1.52886174e-27
      1.32000000e-01      -6.98191092e+00       6.00000030e+00       6.00000000e+00       4.00000000e+00       1.20000000e+01       1.00000000e+00       1.00000000e+00       1.00000000e+00       1.00000474e+00       1.00000000e+00       9.99881107e-01       1.00000000e+00       1.00007669e+00       1.00000000e+00      -3.25561016e-05       1.77104694e-16       1.37282879e-04      -9.72123196e-17      -1.49385416e-04      -1.14526377e-16       0.00000000e+00       1.35639774e-16      -1.46564193e-27
      1.34000000e-01      -6.98191247e+00       6.00000032e+00       6.00000000e+00       4.00000000e+00       1.20000000e+01       1.00000000e+00       1.00000000e+00       1.00000000e+00       1.00000450e+00       1.00000000e+00       9.99877472e-01       1.00000000e+00       1.00007929e+00       1.00000000e+00      -3.36938782e-05       1.77104985e-16       1.41838276e-04      -9.71405028e-17      -1.54168020e-04      -1.14598484e-16       0.00000000e+00       1.35639774e-16      -1.59211852e-27
      1.36000000e-01      -6.98191405e+00       6.00000034e+00       6.00000000e+00       4.00000000e+00       1.20000000e+01       1.00000000e+00       1.00000000e+00       1.00000000e+00       1.00000426e+00       1.00000000e+00       9.99873787e-01       1.00000000e+00       1.00008192e+00       1.00000000e+00      -3.48426867e-05       1.77105288e-16       1.46447730e-04      -9.70676466e-17      -1.59014259e-04      -1.14671643e-16       0.00000000e+00       1.35639774e-16      -1.72967614e-27
      1.38000000e-01      -6.98191566e+00       6.00000036e+00       6.00000000e+00       4.00000000e+00       1.20000000e+01       1.00000000e+00       1.00000000e+00       1.00000000e+00       1.00000403e+00       1.00000000e+00       9.99870052e-01       1.00000000e+00       1.00008457e+00       1.00000000e+00      -3.60028048e-05       1.77105312e-16       1.51111791e-04      -9.69942756e-17      -1.63924408e-04      -1.14745038e-16       0.00000000e+00       1.35639774e-16      -1.86866357e-27
      1.40000000e-01      -6.98191728e+00       6.00000038e+00       6.00000000e+00       4.00000000e+00       1.20000000e+01       1.00000000e+00       1.00000000e+00       1.00000000e+00       1.00000380e+00       1.00000000e+00       9.99866267e-01       1.00000000e+00       1.00008724e+00       1.00000000e+00      -3.71744895e-05       1.77105074e-16       1.55830954e-04      -9.69200905e-17      -1.68898712e-04      -1.14818985e-16       0.00000000e+00       1.35639774e-16      -1.85708950e-27
      1.42000000e-01      -6.98191893e+00       6.00000040e+00       6.00000000e+00       4.00000000e+00       1.20000000e+01       1.00000000e+00       1.00000000e+00       1.00000000e+00       1.00000357e+00       1.00000000e+00       9.99862432e-01       1.00000000e+00       1.00008994e+00       1.00000000e+00      -3.83579787e-05       1.77104686e-16       1.60605670e-04      -9.68450034e-17      -1.73937384e-04      -1.14893685e-16       0.00000000e+00       1.35639774e-16      -1.89131867e-27
      1.44000000e-01      -6.98192060e+00       6.00000043e+00       6.00000000e+00       4.00000000e+00       1.20000000e+01       1.00000000e+00       1.00000000e+00       1.00000000e+00       1.00000335e+00       1.00000000e+00       9.99858547e-01       1.00000000e+00       1.00009267e+00       1.00000000e+00      -3.95534920e-05       1.77104184e-16       1.65436343e-04      -9.67691216e-17      -1.79040615e-04      -1.11350559e-16       0.00000000e+00       1.35639774e-16      -1.75908586e-27
      1.46000000e-01      -6.98192229e+00       6.00000045e+00       6.00000000e+00       4.00000000e+00       1.20000000e+01       1.00000000e+00       1.00000000e+00       1.00000000e+00       1.00000314e+00       1.00000000e+00       9.99854612e-01       1.00000000e+00       1.00009543e+00       1.00000000e+00      -4.07612326e-05       1.77103425e-16       1.70323343e-04      -9.66919827e-17      -1.84208573e-04      -1.11426940e-16       0.00000000e+00       1.35639774e-16      -1.89854168e-27
      1.48000000e-01      -6.98192401e+00       6.00000048e+00       6.00000000e+00       4.00000000e+00       1.20000000e+01       1.00000000e+00       1.00000000e+00       1.00000000e+00       1.00000292e+00       1.00000000e+00       9.99850627e-01       1.00000000e+00       1.00009821e+00       1.00000000e+00      -4.19813879e-05       1.77102613e-16       1.75267000e-04      -9.66146359e-17      -1.89441407e-04      -1.11503474e-16       0.00000000e+00       1.35639774e-16      -1.87624403e-27
      1.50000000e-01      -6.98192575e+00       6.00000050e+00       6.00000000e+00       4.00000000e+00       1.20000000e+01       1.00000000e+00       1.00000000e+00       1.00000000e+00       1.00000271e+00       1.00000000e+00       9.99846592e-01       1.00000000e+00       1.00010103e+00       1.00000000e+00      -4.32141308e-05       1.77465328e-16       1.80267615e-04      -9.65365074e-17      -1.94739247e-04      -1.11580660e-16       0.00000000e+00       1.35639774e-16      -1.96341316e-27
      1.52000000e-01      -6.98192751e+00       6.00000053e+00       6.00000000e+00       4.00000000e+00       1.20000000e+01       1.00000000e+00       1.00000000e+00       1.00000000e+00       1.00000250e+00       1.00000000e+00       9.99842506e-01       1.00000000e+00       1.00010387e+00       1.00000000e+00      -4.44596210e-05       1.77464643e-16       1.85325459e-04      -9.64570724e-17      -2.00102207e-04      -1.11659410e-16       0.00000000e+00       1.35639774e-16      -1.97660193e-27
      1.54000000e-01      -6.98192929e+00       6.00000056e+00       6.00000000e+00       4.00000000e+00       1.20000000e+01       1.00000000e+00       1.00000000e+00       1.00000000e+00       1.00000229e+00       1.00000000e+00       9.99838370e-01       1.00000000e+00       1.00010674e+00       1.00000000e+00      -4.57180055e-05       1.77464327e-16       1.90440775e-04      -9.63756396e-17      -2.05530389e-04      -1.11740527e-16       0.00000000e+00       1.35639774e-16      -1.85467362e-27
      1.56000000e-01      -6.98193109e+00       6.00000059e+00       6.00000000e+00       4.00000000e+00       1.20000000e+01       1.00000000e+00       1.00000000e+00       1.00000000e+00       1.00000209e+00       1.00000000e+00       9.99834184e-01       1.00000000e+00       1.00010964e+00       1.00000000e+00      -4.69894199e-05       1.77463700e-16       1.95613782e-04      -9.62931831e-17      -2.11023880e-04      -1.11822357e-16       0.00000000e+00       1.35639774e-16      -1.80041478e-27
      1.58000000e-01      -6.98193292e+00       6.00000062e+00       6.00000000e+00       4.00000000e+00       1.20000000e+01       1.00000000e+00       1.00000000e+00       1.00000000e+00       1.00000188e+00       1.00000000e+00       9.99829947e-01       1.00000000e+00       1.00011257e+00       1.00000000e+00      -4.82739891e-05       1.77463808e-16       2.00844677e-04      -9.62089620e-17      -2.16582754e-04      -1.11906685e-16       0.00000000e+00       1.35639774e-16      -1.76640748e-27
      1.60000000e-01      -6.98193477e+00       6.00000065e+00       6.00000000e+00       4.00000000e+00       1.20000000e+01       1.00000000e+00       1.00000000e+00       1.00000000e+00       1.00000168e+00       1.00000000e+00       9.99825660e-01       1.00000000e+00       1.00011553e+00       1.00000000e+00      -4.95718280e-05       1.77463683e-16       2.06133635e-04      -9.61239369e-17      -2.22207077e-04      -1.11991586e-16       0.00000000e+00       1.35639774e-16      -1.89193497e-27
      1.62000000e-01      -6.98193664e+00       6.00000068e+00       6.00000000e+00       4.00000000e+00       1.20000000e+01       1.00000000e+00       1.00000000e+00       1.00000000e+00       1.00000147e+00       1.00000000e+00       9.99821323e-01       1.00000000e+00       1.00011852e+00       1.00000000e+00      -5.08830423e-05       1.77463447e-16       2.11480812e-04      -9.60380000e-17      -2.27896902e-04      -1.12077287e-16       0.00000000e+00       1.35639774e-16      -1.96822028e-27
      1.64000000e-01      -6.98193853e+00       6.00000072e+00       6.00000000e+00       4.00000000e+00       1.20000000e+01       1.00000000e+00       1.00000000e+00       1.00000000e+00       1.00000127e+00       1.00000000e+00       9.99816935e-01       1.00000000e+00       1.00012154e+00       1.00000000e+00      -5.22077294e-05       1.77462951e-16       2.16886349e-04      -9.59511504e-17      -2.33652276e-04      -1.12163641e-16       0.00000000e+00       1.35639774e-16      -1.96537299e-27
      1.66000000e-01      -6.98194045e+00       6.00000075e+00       6.00000000e+00       4.00000000e+00       1.20000000e+01       1.00000000e+00       1.00000000e+00       1.00000000e+00       1.00000107e+00       1.00000000e+00       9.99812497e-01       1.00000000e+00       1.00012459e+00       1.00000000e+00      -5.35459785e-05       1.77462494e-16       2.22350367e-04      -9.58627349e-17      -2.39473236e-04      -1.12251599e-16       0.00000000e+00       1.35639774e-16      -2.10689957e-27
      1.68000000e-01      -6.98194238e+00       6.00000079e+00       6.00000000e+00       4.00000000e+00       1.20000000e+01       1.00000000e+00       1.00000000e+00       1.00000000e+00       1.00000086e+00       1.00000000e+00       9.99808009e-01       1.00000000e+00       1.00012767e+00       1.00000000e+00      -5.48978717e-05       1.77461887e-16       2.27872973e-04      -9.57733109e-17      -2.45359811e-04      -1.12340416e-16       0.00000000e+00       1.35639774e-16      -2.23851608e-27
      1.70000000e-01      -6.98194434e+00       6.00000083e+00       6.00000000e+00       4.00000000e+00       1.20000000e+01       1.00000000e+00       1.00000000e+00       1.00000000e+00       1.00000066e+00       1.00000000e+00       9.99803470e-01       1.00000000e+00       1.00013078e+00       1.00000000e+00      -5.62634842e-05       1.77461030e-16       2.33454261e-04      -9.56832405e-17      -2.51312022e-04      -1.12429629e-16       0.00000000e+00       1.35639774e-16      -2.34437135e-27
      1.72000000e-01      -6.98194632e+00       6.00000086e+00       6.00000000e+00       4.00000000e+00       1.20000000e+01       1.00000000e+00       1.00000000e+00       1.00000000e+00       1.00000046e+00       1.00000000e+00       9.99798880e-01       1.00000000e+00       1.00013392e+00       1.00000000e+00      -5.76428849e-05       1.77459791e-16       2.39094311e-04      -9.55927146e-17      -2.57329886e-04      -1.12518916e-16       0.00000000e+00       1.35639774e-16      -2.39278769e-27
      1.74000000e-01      -6.98194833e+00       6.00000090e+00       6.00000000e+00       4.00000000e+00       1.20000000e+01       1.00000000e+00       1.00000000e+00       1.00000000e+00       1.00000026e+00       1.00000000e+00       9.99794241e-01       1.00000000e+00       1.00013710e+00       1.00000000e+00      -5.90361368e-05       1.77822373e-16       2.44793192e-04      -9.55009395e-17      -2.63413411e-04      -1.12609616e-16       0.00000000e+00       1.35639774e-16      -2.49437818e-27
      1.76000000e-01      -6.98195035e+00       6.00000095e+00       6.00000000e+00       4.00000000e+00       1.20000000e+01       1.00000000e+00       1.00000000e+00       1.00000000e+00       1.00000005e+00       1.00000000e+00       9.99789550e-01       1.00000000e+00       1.00014030e+00       1.00000000e+00      -6.04432975e-05       1.77821172e-16       2.50550960e-04      -9.54075128e-17      -2.69562600e-04      -1.12701842e-16       0.00000000e+00       1.35639774e-16      -2.39749620e-27
      1.78000000e-01      -6.98195240e+00       6.00000099e+00       6.00000000e+00       4.00000000e+00       1.20000000e+01       1.00000000e+00       1.00000000e+00       1.00000000e+00       9.99999849e-01       1.00000000e+00       9.99784810e-01       1.00000000e+00       1.00014354e+00       1.00000000e+00      -6.18644196e-05       1.77819932e-16       2.56367661e-04      -9.53129403e-17      -2.75777453e-04      -1.12795174e-16       0.00000000e+00       1.35639774e-16      -2.33645809e-27
      1.80000000e-01      -6.98195447e+00       6.00000103e+00       6.00000000e+00       4.00000000e+00       1.20000000e+01       1.00000000e+00       1.00000000e+00       1.00000000e+00       9.99999645e-01       1.00000000e+00       9.99780019e-01       1.00000000e+00       1.00014680e+00       1.00000000e+00      -6.32995508e-05       1.77818817e-16       2.62243333e-04      -9.52174826e-17      -2.82057960e-04      -1.12889516e-16       0.00000000e+00       1.35639774e-16      -2.30899587e-27
      1.82000000e-01      -6.98195656e+00       6.00000108e+00       6.00000000e+00       4.00000000e+00       1.20000000e+01       1.00000000e+00       1.00000000e+00       1.00000000e+00       9.99999440e-01       1.00000000e+00       9.99775178e-01       1.00000000e+00       1.00015010e+00       1.00000000e+00      -6.47487345e-05       1.77817818e-16       2.68178003e-04      -9.51212533e-17      -2.88404111e-04      -1.12984747e-16       0.00000000e+00       1.35639774e-16      -2.34915382e-27
      1.84000000e-01      -6.98195867e+00       6.00000113e+00       6.00000000e+00       4.00000000e+00       1.20000000e+01       1.00000000e+00       1.00000000e+00       1.00000000e+00       9.99999235e-01       1.00000000e+00       9.99770286e-01       1.00000000e+00       1.00015343e+00       1.00000000e+00      -6.62120101e-05       1.76676778e-16       2.74171689e-04      -9.50239802e-17      -2.94815889e-04      -1.13081042e-16       0.00000000e+00       1.35639774e-16      -2.41928848e-27
      1.86000000e-01      -6.98196080e+00       6.00000118e+00       6.00000000e+00       4.00000000e+00       1.20000000e+01       1.00000000e+00       1.00000000e+00       1.00000000e+00       9.99999029e-01       1.00000000e+00       9.99765344e-01       1.00000000e+00       1.00015679e+00       1.00000000e+00      -6.76894131e-05       1.76676449e-16       2.80224402e-04      -9.49249858e-17      -3.01293273e-04      -1.13179706e-16       0.00000000e+00       1.35639774e-16      -2.31259505e-27
      1.88000000e-01      -6.98196296e+00       6.00000123e+00       6.00000000e+00       4.00000000e+00       1.20000000e+01       1.00000000e+00       1.00000000e+00       1.00000000e+00       9.99998822e-01       1.00000000e+00       9.99760352e-01       1.00000000e+00       1.00016019e+00       1.00000000e+00      -6.91809753e-05       1.76675894e-16       2.86336146e-04      -9.48250239e-17      -3.07836237e-04      -1.13279114e-16       0.00000000e+00       1.35639774e-16      -2.42064434e-27
      1.90000000e-01      -6.98196513e+00       6.00000128e+00       6.00000000e+00       4.00000000e+00       1.20000000e+01       1.00000000e+00       1.00000000e+00       1.00000000e+00       9.99998615e-01       1.00000000e+00       9.99755309e-01       1.00000000e+00       1.00016361e+00       1.00000000e+00      -7.06867253e-05       1.76676017e-16       2.92506915e-04      -9.47231497e-17      -3.14444754e-04      -1.13381111e-16       0.00000000e+00       1.35639774e-16      -2.21558981e-27
      1.92000000e-01      -6.98196733e+00       6.00000133e+00       6.00000000e+00       4.00000000e+00       1.20000000e+01       1.00000000e+00       1.00000000e+00       1.00000000e+00       9.99998406e-01       1.00000000e+00       9.99750216e-01       1.00000000e+00       1.00016707e+00       1.00000000e+00      -7.22066888e-05       1.76676389e-16       2.98736700e-04      -9.46199719e-17      -3.21118792e-04      -1.13484661e-16       0.00000000e+00       1.35639774e-16      -2.21864664e-27
      1.94000000e-01      -6.98196955e+00       6.00000139e+00       6.00000000e+00       4.00000000e+00       1.20000000e+01       1.00000000e+00       1.00000000e+00       1.00000000e+00       9.99998197e-01       1.00000000e+00       9.99745073e-01       1.00000000e+00       1.00017055e+00       1.00000000e+00      -7.37408881e-05       1.76676873e-16       3.05025482e-04      -9.45153190e-17      -3.27858314e-04      -1.13589797e-16       0.00000000e+00       1.35639774e-16      -2.33465850e-27
      1.96000000e-01      -6.98197179e+00       6.00000145e+00       6.00000000e+00       4.00000000e+00       1.20000000e+01       1.00000000e+00       1.00000000e+00       1.00000000e+00       9.99997987e-01       1.00000000e+00       9.99739879e-01       1.00000000e+00       1.00017407e+00       1.00000000e+00      -7.52893432e-05       1.77040823e-16       3.11373240e-04      -9.44099439e-17      -3.34663281e-04      -1.13695465e-16       0.00000000e+00       1.35639774e-16      -2.37134053e-27
      1.98000000e-01      -6.98197405e+00       6.00000151e+00       6.00000000e+00       4.00000000e+00       1.20000000e+01       1.00000000e+00       1.00000000e+00       1.00000000e+00       9.99997776e-01       1.00000000e+00       9.99734635e-01       1.00000000e+00       1.00017762e+00       1.00000000e+00      -7.68520714e-05       1.77040850e-16       3.17779943e-04      -9.43034189e-17      -3.41533652e-04      -1.13802018e-16       0.00000000e+00       1.35639774e-16      -2.33009790e-27
      2.00000000e-01      -6.98197634e+00       6.00000157e+00       6.00000000e+00       4.00000000e+00       1.20000000e+01       1.00000000e+00       1.00000000e+00       1.00000000e+00       9.99997564e-01       1.00000000e+00       9.99729341e-01       1.00000000e+00       1.00018120e+00       1.00000000e+00      -7.84290875e-05       1.77040937e-16       3.24245558e-04      -9.41957403e-17      -3.48469381e-04      -1.13909783e-16       0.00000000e+00       1.35639774e-16      -2.31952223e-27
