      0.00000000e+00       2.50000000e-03       2.50000000e-03       2.50000000e-03       2.50000000e-03       2.50000000e-03       2.50000000e-03       2.50000000e-03       2.50000000e-03
      1.00000000e-02       2.49726530e-03       2.49726530e-03       2.49726530e-03       2.49726530e-03       2.49750124e-03       2.49750124e-03       2.49750124e-03       2.49750124e-03
      2.00000000e-02       2.48907759e-03       2.48907759e-03       2.48907759e-03       2.48907759e-03       2.49001990e-03       2.49001990e-03       2.49001990e-03       2.49001990e-03
      3.00000000e-02       2.47548598e-03       2.47548598e-03       2.47548598e-03       2.47548598e-03       2.47760070e-03       2.47760070e-03       2.47760070e-03       2.47760070e-03
      4.00000000e-02       2.45657210e-03       2.45657210e-03       2.45657210e-03       2.45657210e-03       2.46031800e-03       2.46031800e-03       2.46031800e-03       2.46031800e-03
      5.00000000e-02       2.43244979e-03       2.43244979e-03       2.43244979e-03       2.43244979e-03       2.43827551e-03       2.43827551e-03       2.43827551e-03       2.43827551e-03
      6.00000000e-02       2.40326464e-03       2.40326464e-03       2.40326464e-03       2.40326464e-03       2.41160591e-03       2.41160591e-03       2.41160591e-03       2.41160591e-03
      7.00000000e-02       2.36919340e-03       2.36919340e-03       2.36919340e-03       2.36919340e-03       2.38047039e-03       2.38047039e-03       2.38047039e-03       2.38047039e-03
      8.00000000e-02       2.33044330e-03       2.33044330e-03       2.33044330e-03       2.33044330e-03       2.34505798e-03       2.34505798e-03       2.34505798e-03       2.34505798e-03
      9.00000000e-02       2.28725123e-03       2.28725123e-03       2.28725123e-03       2.28725123e-03       2.30558495e-03       2.30558495e-03       2.30558495e-03       2.30558495e-03
      1.00000000e-01       2.23988278e-03       2.23988278e-03       2.23988278e-03       2.23988278e-03       2.26229393e-03       2.26229393e-03       2.26229393e-03       2.26229393e-03
      1.10000000e-01       2.18863122e-03       2.18863122e-03       2.18863122e-03       2.18863122e-03       2.21545308e-03       2.21545308e-03       2.21545308e-03       2.21545308e-03
      1.20000000e-01       2.13381632e-03       2.13381632e-03       2.13381632e-03       2.13381632e-03       2.16535504e-03       2.16535504e-03       2.16535504e-03       2.16535504e-03
      1.30000000e-01       2.07578310e-03       2.07578310e-03       2.07578310e-03       2.07578310e-03       2.11231594e-03       2.11231594e-03       2.11231594e-03       2.11231594e-03
      1.40000000e-01       2.01490048e-03       2.01490048e-03       2.01490048e-03       2.01490048e-03       2.05667418e-03       2.05667418e-03       2.05667418e-03       2.05667418e-03
      1.50000000e-01       1.95155978e-03       1.95155978e-03       1.95155978e-03       1.95155978e-03       1.99878923e-03       1.99878923e-03       1.99878923e-03       1.99878923e-03
      1.60000000e-01       1.88617326e-03       1.88617326e-03       1.88617326e-03       1.88617326e-03       1.93904031e-03       1.93904031e-03       1.93904031e-03       1.93904031e-03
      1.70000000e-01       1.81917244e-03       1.81917244e-03       1.81917244e-03       1.81917244e-03       1.87782502e-03       1.87782502e-03       1.87782502e-03       1.87782502e-03
      1.80000000e-01       1.75100641e-03       1.75100641e-03       1.75100641e-03       1.75100641e-03       1.81555793e-03       1.81555793e-03       1.81555793e-03       1.81555793e-03
      1.90000000e-01       1.68214011e-03       1.68214011e-03       1.68214011e-03       1.68214011e-03       1.75266905e-03       1.75266905e-03       1.75266905e-03       1.75266905e-03
      2.00000000e-01       1.61305250e-03       1.61305250e-03       1.61305250e-03       1.61305250e-03       1.68960233e-03       1.68960233e-03       1.68960233e-03       1.68960233e-03
      2.10000000e-01       1.54423467e-03       1.54423467e-03       1.54423467e-03       1.54423467e-03       1.62681405e-03       1.62681405e-03       1.62681405e-03       1.62681405e-03
      2.20000000e-01       1.47618794e-03       1.47618794e-03       1.47618794e-03       1.47618794e-03       1.56477121e-03       1.56477121e-03       1.56477121e-03       1.56477121e-03
      2.30000000e-01       1.40942194e-03       1.40942194e-03       1.40942194e-03       1.40942194e-03       1.50394989e-03       1.50394989e-03       1.50394989e-03       1.50394989e-03
      2.40000000e-01       1.34445260e-03       1.34445260e-03       1.34445260e-03       1.34445260e-03       1.44483358e-03       1.44483358e-03       1.44483358e-03       1.44483358e-03
      2.50000000e-01       1.28180015e-03       1.28180015e-03       1.28180015e-03       1.28180015e-03       1.38791146e-03       1.38791146e-03       1.38791146e-03       1.38791146e-03
      2.60000000e-01       1.22198717e-03       1.22198717e-03       1.22198717e-03       1.22198717e-03       1.33367675e-03       1.33367675e-03       1.33367675e-03       1.33367675e-03
      2.70000000e-01       1.16553651e-03       1.16553651e-03       1.16553651e-03       1.16553651e-03       1.28262497e-03       1.28262497e-03       1.28262497e-03       1.28262497e-03
      2.80000000e-01       1.11296932e-03       1.11296932e-03       1.11296932e-03       1.11296932e-03       1.23525227e-03       1.23525227e-03       1.23525227e-03       1.23525227e-03
      2.90000000e-01       1.06480308e-03       1.06480308e-03       1.06480308e-03       1.06480308e-03       1.19205371e-03       1.19205371e-03       1.19205371e-03       1.19205371e-03
      3.00000000e-01       1.02154957e-03       1.02154957e-03       1.02154957e-03       1.02154957e-03       1.15352161e-03       1.15352161e-03       1.15352161e-03       1.15352161e-03
      3.10000000e-01       9.83712976e-04       9.83712976e-04       9.83712976e-04       9.83712976e-04       1.12014390e-03       1.12014390e-03       1.12014390e-03       1.12014390e-03
      3.20000000e-01       9.51787966e-04       9.51787966e-04       9.51787966e-04       9.51787966e-04       1.09240250e-03       1.09240250e-03       1.09240250e-03       1.09240250e-03
      3.30000000e-01       9.26257815e-04       9.26257815e-04       9.26257815e-04       9.26257815e-04       1.07077171e-03       1.07077171e-03       1.07077171e-03       1.07077171e-03
      3.40000000e-01       9.07592606e-04       9.07592606e-04       9.07592606e-04       9.07592606e-04       1.05571667e-03       1.05571667e-03       1.05571667e-03       1.05571667e-03
      3.50000000e-01       8.96247465e-04       8.96247465e-04       8.96247465e-04       8.96247465e-04       1.04769190e-03       1.04769190e-03       1.04769190e-03       1.04769190e-03
      3.60000000e-01       8.92660870e-04       8.92660870e-04       8.92660870e-04       8.92660870e-04       1.04713978e-03       1.04713978e-03       1.04713978e-03       1.04713978e-03
      3.70000000e-01       8.97253028e-04       8.97253028e-04       8.97253028e-04       8.97253028e-04       1.05448919e-03       1.05448919e-03       1.05448919e-03       1.05448919e-03
      3.80000000e-01       9.10424329e-04       9.10424329e-04       9.10424329e-04       9.10424329e-04       1.07015417e-03       1.07015417e-03       1.07015417e-03       1.07015417e-03
      3.90000000e-01       9.32553881e-04       9.32553881e-04       9.32553881e-04       9.32553881e-04       1.09453264e-03       1.09453264e-03       1.09453264e-03       1.09453264e-03
      4.00000000e-01       9.63998135e-04       9.63998135e-04       9.63998135e-04       9.63998135e-04       1.12800519e-03       1.12800519e-03       1.12800519e-03       1.12800519e-03
      4.10000000e-01       1.00508959e-03       1.00508959e-03       1.00508959e-03       1.00508959e-03       1.17093393e-03       1.17093393e-03       1.17093393e-03       1.17093393e-03
      4.20000000e-01       1.05613562e-03       1.05613562e-03       1.05613562e-03       1.05613562e-03       1.22366147e-03       1.22366147e-03       1.22366147e-03       1.22366147e-03
      4.30000000e-01       1.11741736e-03       1.11741736e-03       1.11741736e-03       1.11741736e-03       1.28650986e-03       1.28650986e-03       1.28650986e-03       1.28650986e-03
      4.40000000e-01       1.18918874e-03       1.18918874e-03       1.18918874e-03       1.18918874e-03       1.35977977e-03       1.35977977e-03       1.35977977e-03       1.35977977e-03
      4.50000000e-01       1.27167559e-03       1.27167559e-03       1.27167559e-03       1.27167559e-03       1.44374956e-03       1.44374956e-03       1.44374956e-03       1.44374956e-03
      4.60000000e-01       1.36507489e-03       1.36507489e-03       1.36507489e-03       1.36507489e-03       1.53867462e-03       1.53867462e-03       1.53867462e-03       1.53867462e-03
      4.70000000e-01       1.46955408e-03       1.46955408e-03       1.46955408e-03       1.46955408e-03       1.64478666e-03       1.64478666e-03       1.64478666e-03       1.64478666e-03
      4.80000000e-01       1.58525052e-03       1.58525052e-03       1.58525052e-03       1.58525052e-03       1.76229313e-03       1.76229313e-03       1.76229313e-03       1.76229313e-03
      4.90000000e-01       1.71227108e-03       1.71227108e-03       1.71227108e-03       1.71227108e-03       1.89137673e-03       1.89137673e-03       1.89137673e-03       1.89137673e-03
      5.00000000e-01       1.85069177e-03       1.85069177e-03       1.85069177e-03       1.85069177e-03       2.03219500e-03       2.03219500e-03       2.03219500e-03       2.03219500e-03
      5.10000000e-01       2.00055757e-03       2.00055757e-03       2.00055757e-03       2.00055757e-03       2.18487998e-03       2.18487998e-03       2.18487998e-03       2.18487998e-03
      5.20000000e-01       2.16188233e-03       2.16188233e-03       2.16188233e-03       2.16188233e-03       2.34953798e-03       2.34953798e-03       2.34953798e-03       2.34953798e-03
      5.30000000e-01       2.33464878e-03       2.33464878e-03       2.33464878e-03       2.33464878e-03       2.52624939e-03       2.52624939e-03       2.52624939e-03       2.52624939e-03
      5.40000000e-01       2.51880863e-03       2.51880863e-03       2.51880863e-03       2.51880863e-03       2.71506859e-03       2.71506859e-03       2.71506859e-03       2.71506859e-03
      5.50000000e-01       2.71428288e-03       2.71428288e-03       2.71428288e-03       2.71428288e-03       2.91602400e-03       2.91602400e-03       2.91602400e-03       2.91602400e-03
      5.60000000e-01       2.92096207e-03       2.92096207e-03       2.92096207e-03       2.92096207e-03       3.12911807e-03       3.12911807e-03       3.12911807e-03       3.12911807e-03
      5.70000000e-01       3.13870681e-03       3.13870681e-03       3.13870681e-03       3.13870681e-03       3.35432747e-03       3.35432747e-03       3.35432747e-03       3.35432747e-03
      5.80000000e-01       3.36734827e-03       3.36734827e-03       3.36734827e-03       3.36734827e-03       3.59160330e-03       3.59160330e-03       3.59160330e-03       3.59160330e-03
      5.90000000e-01       3.60668887e-03       3.60668887e-03       3.60668887e-03       3.60668887e-03       3.84087137e-03       3.84087137e-03       3.84087137e-03       3.84087137e-03
      6.00000000e-01       3.85650296e-03       3.85650296e-03       3.85650296e-03       3.85650296e-03       4.10203255e-03       4.10203255e-03       4.10203255e-03       4.10203255e-03
      6.10000000e-01       4.11653773e-03       4.11653773e-03       4.11653773e-03       4.11653773e-03       4.37496318e-03       4.37496318e-03       4.37496318e-03       4.37496318e-03
      6.20000000e-01       4.38651403e-03       4.38651403e-03       4.38651403e-03       4.38651403e-03       4.65951555e-03       4.65951555e-03       4.65951555e-03       4.65951555e-03
      6.30000000e-01       4.66612743e-03       4.66612743e-03       4.66612743e-03       4.66612743e-03       4.95551842e-03       4.95551842e-03       4.95551842e-03       4.95551842e-03
      6.40000000e-01       4.95504926e-03       4.95504926e-03       4.95504926e-03       4.95504926e-03       5.26277762e-03       5.26277762e-03       5.26277762e-03       5.26277762e-03
      6.50000000e-01       5.25292773e-03       5.25292773e-03       5.25292773e-03       5.25292773e-03       5.58107664e-03       5.58107664e-03       5.58107664e-03       5.58107664e-03
      6.60000000e-01       5.55938916e-03       5.55938916e-03       5.55938916e-03       5.55938916e-03       5.91017737e-03       5.91017737e-03       5.91017737e-03       5.91017737e-03
      6.70000000e-01       5.87403922e-03       5.87403922e-03       5.87403922e-03       5.87403922e-03       6.24982076e-03       6.24982076e-03       6.24982076e-03       6.24982076e-03
      6.80000000e-01       6.19646421e-03       6.19646421e-03       6.19646421e-03       6.19646421e-03       6.59972759e-03       6.59972759e-03       6.59972759e-03       6.59972759e-03
      6.90000000e-01       6.52623248e-03       6.52623248e-03       6.52623248e-03       6.52623248e-03       6.95959928e-03       6.95959928e-03       6.95959928e-03       6.95959928e-03
      7.00000000e-01       6.86289574e-03       6.86289574e-03       6.86289574e-03       6.86289574e-03       7.32911868e-03       7.32911868e-03       7.32911868e-03       7.32911868e-03
      7.10000000e-01       7.20599055e-03       7.20599055e-03       7.20599055e-03       7.20599055e-03       7.70795094e-03       7.70795094e-03       7.70795094e-03       7.70795094e-03
      7.20000000e-01       7.55503976e-03       7.55503976e-03       7.55503976e-03       7.55503976e-03       8.09574433e-03       8.09574433e-03       8.09574433e-03       8.09574433e-03
      7.30000000e-01       7.90955395e-03       7.90955395e-03       7.90955395e-03       7.90955395e-03       8.49213122e-03       8.49213122e-03       8.49213122e-03       8.49213122e-03
      7.40000000e-01       8.26903295e-03       8.26903295e-03       8.26903295e-03       8.26903295e-03       8.89672886e-03       8.89672886e-03       8.89672886e-03       8.89672886e-03
      7.50000000e-01       8.63296735e-03       8.63296735e-03       8.63296735e-03       8.63296735e-03       9.30914039e-03       9.30914039e-03       9.30914039e-03       9.30914039e-03
      7.60000000e-01       9.00083996e-03       9.00083996e-03       9.00083996e-03       9.00083996e-03       9.72895571e-03       9.72895571e-03       9.72895571e-03       9.72895571e-03
      7.70000000e-01       9.37212733e-03       9.37212733e-03       9.37212733e-03       9.37212733e-03       1.01557524e-02       1.01557524e-02       1.01557524e-02       1.01557524e-02
      7.80000000e-01       9.74630123e-03       9.74630123e-03       9.74630123e-03       9.74630123e-03       1.05890968e-02       1.05890968e-02       1.05890968e-02       1.05890968e-02
      7.90000000e-01       1.01228301e-02       1.01228301e-02       1.01228301e-02       1.01228301e-02       1.10285445e-02       1.10285445e-02       1.10285445e-02       1.10285445e-02
      8.00000000e-01       1.05011807e-02       1.05011807e-02       1.05011807e-02       1.05011807e-02       1.14736420e-02       1.14736420e-02       1.14736420e-02       1.14736420e-02
      8.10000000e-01       1.08808190e-02       1.08808190e-02       1.08808190e-02       1.08808190e-02       1.19239268e-02       1.19239268e-02       1.19239268e-02       1.19239268e-02
      8.20000000e-01       1.12612123e-02       1.12612123e-02       1.12612123e-02       1.12612123e-02       1.23789289e-02       1.23789289e-02       1.23789289e-02       1.23789289e-02
      8.30000000e-01       1.16418301e-02       1.16418301e-02       1.16418301e-02       1.16418301e-02       1.28381714e-02       1.28381714e-02       1.28381714e-02       1.28381714e-02
      8.40000000e-01       1.20221455e-02       1.20221455e-02       1.20221455e-02       1.20221455e-02       1.33011717e-02       1.33011717e-02       1.33011717e-02       1.33011717e-02
      8.50000000e-01       1.24016365e-02       1.24016365e-02       1.24016365e-02       1.24016365e-02       1.37674419e-02       1.37674419e-02       1.37674419e-02       1.37674419e-02
      8.60000000e-01       1.27797874e-02       1.27797874e-02       1.27797874e-02       1.27797874e-02       1.42364900e-02       1.42364900e-02       1.42364900e-02       1.42364900e-02
      8.70000000e-01       1.31560898e-02       1.31560898e-02       1.31560898e-02       1.31560898e-02       1.47078207e-02       1.47078207e-02       1.47078207e-02       1.47078207e-02
      8.80000000e-01       1.35300436e-02       1.35300436e-02       1.35300436e-02       1.35300436e-02       1.51809360e-02       1.51809360e-02       1.51809360e-02       1.51809360e-02
      8.90000000e-01       1.39011584e-02       1.39011584e-02       1.39011584e-02       1.39011584e-02       1.56553362e-02       1.56553362e-02       1.56553362e-02       1.56553362e-02
      9.00000000e-01       1.42689543e-02       1.42689543e-02       1.42689543e-02       1.42689543e-02       1.61305207e-02       1.61305207e-02       1.61305207e-02       1.61305207e-02
      9.10000000e-01       1.46329627e-02       1.46329627e-02       1.46329627e-02       1.46329627e-02       1.66059887e-02       1.66059887e-02       1.66059887e-02       1.66059887e-02
      9.20000000e-01       1.49927275e-02       1.49927275e-02       1.49927275e-02       1.49927275e-02       1.70812396e-02       1.70812396e-02       1.70812396e-02       1.70812396e-02
      9.30000000e-01       1.53478059e-02       1.53478059e-02       1.53478059e-02       1.53478059e-02       1.75557742e-02       1.75557742e-02       1.75557742e-02       1.75557742e-02
      9.40000000e-01       1.56977686e-02       1.56977686e-02       1.56977686e-02       1.56977686e-02       1.80290952e-02       1.80290952e-02       1.80290952e-02       1.80290952e-02
      9.50000000e-01       1.60422013e-02       1.60422013e-02       1.60422013e-02       1.60422013e-02       1.85007077e-02       1.85007077e-02       1.85007077e-02       1.85007077e-02
      9.60000000e-01       1.63807046e-02       1.63807046e-02       1.63807046e-02       1.63807046e-02       1.89701200e-02       1.89701200e-02       1.89701200e-02       1.89701200e-02
      9.70000000e-01       1.67128949e-02       1.67128949e-02       1.67128949e-02       1.67128949e-02       1.94368441e-02       1.94368441e-02       1.94368441e-02       1.94368441e-02
      9.80000000e-01       1.70384051e-02       1.70384051e-02       1.70384051e-02       1.70384051e-02       1.99003964e-02       1.99003964e-02       1.99003964e-02       1.99003964e-02
      9.90000000e-01       1.73568842e-02       1.73568842e-02       1.73568842e-02       1.73568842e-02       2.03602980e-02       2.03602980e-02       2.03602980e-02       2.03602980e-02
      1.00000000e+00       1.76679986e-02       1.76679986e-02       1.76679986e-02       1.76679986e-02       2.08160757e-02       2.08160757e-02       2.08160757e-02       2.08160757e-02
      1.01000000e+00       1.79714317e-02       1.79714317e-02       1.79714317e-02       1.79714317e-02       2.12672619e-02       2.12672619e-02       2.12672619e-02       2.12672619e-02
      1.02000000e+00       1.82668844e-02       1.82668844e-02       1.82668844e-02       1.82668844e-02       2.17133956e-02       2.17133956e-02       2.17133956e-02       2.17133956e-02
      1.03000000e+00       1.85540752e-02       1.85540752e-02       1.85540752e-02       1.85540752e-02       2.21540226e-02       2.21540226e-02       2.21540226e-02       2.21540226e-02
      1.04000000e+00       1.88327401e-02       1.88327401e-02       1.88327401e-02       1.88327401e-02       2.25886961e-02       2.25886961e-02       2.25886961e-02       2.25886961e-02
      1.05000000e+00       1.91026331e-02       1.91026331e-02       1.91026331e-02       1.91026331e-02       2.30169768e-02       2.30169768e-02       2.30169768e-02       2.30169768e-02
      1.06000000e+00       1.93635256e-02       1.93635256e-02       1.93635256e-02       1.93635256e-02       2.34384336e-02       2.34384336e-02       2.34384336e-02       2.34384336e-02
      1.07000000e+00       1.96152068e-02       1.96152068e-02       1.96152068e-02       1.96152068e-02       2.38526442e-02       2.38526442e-02       2.38526442e-02       2.38526442e-02
      1.08000000e+00       1.98574832e-02       1.98574832e-02       1.98574832e-02       1.98574832e-02       2.42591948e-02       2.42591948e-02       2.42591948e-02       2.42591948e-02
      1.09000000e+00       2.00901787e-02       2.00901787e-02       2.00901787e-02       2.00901787e-02       2.46576809e-02       2.46576809e-02       2.46576809e-02       2.46576809e-02
      1.10000000e+00       2.03131340e-02       2.03131340e-02       2.03131340e-02       2.03131340e-02       2.50477077e-02       2.50477077e-02       2.50477077e-02       2.50477077e-02
      1.11000000e+00       2.05262071e-02       2.05262071e-02       2.05262071e-02       2.05262071e-02       2.54288900e-02       2.54288900e-02       2.54288900e-02       2.54288900e-02
      1.12000000e+00       2.07292718e-02       2.07292718e-02       2.07292718e-02       2.07292718e-02       2.58008530e-02       2.58008530e-02       2.58008530e-02       2.58008530e-02
      1.13000000e+00       2.09222187e-02       2.09222187e-02       2.09222187e-02       2.09222187e-02       2.61632322e-02       2.61632322e-02       2.61632322e-02       2.61632322e-02
      1.14000000e+00       2.11049538e-02       2.11049538e-02       2.11049538e-02       2.11049538e-02       2.65156737e-02       2.65156737e-02       2.65156737e-02       2.65156737e-02
      1.15000000e+00       2.12773985e-02       2.12773985e-02       2.12773985e-02       2.12773985e-02       2.68578346e-02       2.68578346e-02       2.68578346e-02       2.68578346e-02
      1.16000000e+00       2.14394894e-02       2.14394894e-02       2.14394894e-02       2.14394894e-02       2.71893834e-02       2.71893834e-02       2.71893834e-02       2.71893834e-02
      1.17000000e+00       2.15911772e-02       2.15911772e-02       2.15911772e-02       2.15911772e-02       2.75099997e-02       2.75099997e-02       2.75099997e-02       2.75099997e-02
      1.18000000e+00       2.17324271e-02       2.17324271e-02       2.17324271e-02       2.17324271e-02       2.78193749e-02       2.78193749e-02       2.78193749e-02       2.78193749e-02
      1.19000000e+00       2.18632175e-02       2.18632175e-02       2.18632175e-02       2.18632175e-02       2.81172121e-02       2.81172121e-02       2.81172121e-02       2.81172121e-02
      1.20000000e+00       2.19835403e-02       2.19835403e-02       2.19835403e-02       2.19835403e-02       2.84032266e-02       2.84032266e-02       2.84032266e-02       2.84032266e-02
      1.21000000e+00       2.20933996e-02       2.20933996e-02       2.20933996e-02       2.20933996e-02       2.86771457e-02       2.86771457e-02       2.86771457e-02       2.86771457e-02
      1.22000000e+00       2.21928117e-02       2.21928117e-02       2.21928117e-02       2.21928117e-02       2.89387092e-02       2.89387092e-02       2.89387092e-02       2.89387092e-02
      1.23000000e+00       2.22818048e-02       2.22818048e-02       2.22818048e-02       2.22818048e-02       2.91876694e-02       2.91876694e-02       2.91876694e-02       2.91876694e-02
      1.24000000e+00       2.23604178e-02       2.23604178e-02       2.23604178e-02       2.23604178e-02       2.94237913e-02       2.94237913e-02       2.94237913e-02       2.94237913e-02
      1.25000000e+00       2.24287004e-02       2.24287004e-02       2.24287004e-02       2.24287004e-02       2.96468525e-02       2.96468525e-02       2.96468525e-02       2.96468525e-02
      1.26000000e+00       2.24867125e-02       2.24867125e-02       2.24867125e-02       2.24867125e-02       2.98566440e-02       2.98566440e-02       2.98566440e-02       2.98566440e-02
      1.27000000e+00       2.25345233e-02       2.25345233e-02       2.25345233e-02       2.25345233e-02       3.00529695e-02       3.00529695e-02       3.00529695e-02       3.00529695e-02
      1.28000000e+00       2.25722115e-02       2.25722115e-02       2.25722115e-02       2.25722115e-02       3.02356460e-02       3.02356460e-02       3.02356460e-02       3.02356460e-02
      1.29000000e+00       2.25998644e-02       2.25998644e-02       2.25998644e-02       2.25998644e-02       3.04045040e-02       3.04045040e-02       3.04045040e-02       3.04045040e-02
      1.30000000e+00       2.26175775e-02       2.26175775e-02       2.26175775e-02       2.26175775e-02       3.05593869e-02       3.05593869e-02       3.05593869e-02       3.05593869e-02
      1.31000000e+00       2.26254541e-02       2.26254541e-02       2.26254541e-02       2.26254541e-02       3.07001522e-02       3.07001522e-02       3.07001522e-02       3.07001522e-02
      1.32000000e+00       2.26236050e-02       2.26236050e-02       2.26236050e-02       2.26236050e-02       3.08266705e-02       3.08266705e-02       3.08266705e-02       3.08266705e-02
      1.33000000e+00       2.26121481e-02       2.26121481e-02       2.26121481e-02       2.26121481e-02       3.09388262e-02       3.09388262e-02       3.09388262e-02       3.09388262e-02
      1.34000000e+00       2.25912077e-02       2.25912077e-02       2.25912077e-02       2.25912077e-02       3.10365175e-02       3.10365175e-02       3.10365175e-02       3.10365175e-02
      1.35000000e+00       2.25609146e-02       2.25609146e-02       2.25609146e-02       2.25609146e-02       3.11196561e-02       3.11196561e-02       3.11196561e-02       3.11196561e-02
      1.36000000e+00       2.25214054e-02       2.25214054e-02       2.25214054e-02       2.25214054e-02       3.11881678e-02       3.11881678e-02       3.11881678e-02       3.11881678e-02
      1.37000000e+00       2.24728225e-02       2.24728225e-02       2.24728225e-02       2.24728225e-02       3.12419918e-02       3.12419918e-02       3.12419918e-02       3.12419918e-02
      1.38000000e+00       2.24153136e-02       2.24153136e-02       2.24153136e-02       2.24153136e-02       3.12810817e-02       3.12810817e-02       3.12810817e-02       3.12810817e-02
      1.39000000e+00       2.23490314e-02       2.23490314e-02       2.23490314e-02       2.23490314e-02       3.13054045e-02       3.13054045e-02       3.13054045e-02       3.13054045e-02
      1.40000000e+00       2.22741334e-02       2.22741334e-02       2.22741334e-02       2.22741334e-02       3.13149414e-02       3.13149414e-02       3.13149414e-02       3.13149414e-02
      1.41000000e+00       2.21907819e-02       2.21907819e-02       2.21907819e-02       2.21907819e-02       3.13096872e-02       3.13096872e-02       3.13096872e-02       3.13096872e-02
      1.42000000e+00       2.20991434e-02       2.20991434e-02       2.20991434e-02       2.20991434e-02       3.12896509e-02       3.12896509e-02       3.12896509e-02       3.12896509e-02
      1.43000000e+00       2.19993885e-02       2.19993885e-02       2.19993885e-02       2.19993885e-02       3.12548551e-02       3.12548551e-02       3.12548551e-02       3.12548551e-02
      1.44000000e+00       2.18916919e-02       2.18916919e-02       2.18916919e-02       2.18916919e-02       3.12053363e-02       3.12053363e-02       3.12053363e-02       3.12053363e-02
      1.45000000e+00       2.17762322e-02       2.17762322e-02       2.17762322e-02       2.17762322e-02       3.11411448e-02       3.11411448e-02       3.11411448e-02       3.11411448e-02
      1.46000000e+00       2.16531916e-02       2.16531916e-02       2.16531916e-02       2.16531916e-02       3.10623448e-02       3.10623448e-02       3.10623448e-02       3.10623448e-02
      1.47000000e+00       2.15227559e-02       2.15227559e-02       2.15227559e-02       2.15227559e-02       3.09690141e-02       3.09690141e-02       3.09690141e-02       3.09690141e-02
      1.48000000e+00       2.13851141e-02       2.13851141e-02       2.13851141e-02       2.13851141e-02       3.08612439e-02       3.08612439e-02       3.08612439e-02       3.08612439e-02
      1.49000000e+00       2.12404589e-02       2.12404589e-02       2.12404589e-02       2.12404589e-02       3.07391394e-02       3.07391394e-02       3.07391394e-02       3.07391394e-02
      1.50000000e+00       2.10889858e-02       2.10889858e-02       2.10889858e-02       2.10889858e-02       3.06028191e-02       3.06028191e-02       3.06028191e-02       3.06028191e-02
      1.51000000e+00       2.09308937e-02       2.09308937e-02       2.09308937e-02       2.09308937e-02       3.04524149e-02       3.04524149e-02       3.04524149e-02       3.04524149e-02
      1.52000000e+00       2.07663844e-02       2.07663844e-02       2.07663844e-02       2.07663844e-02       3.02880719e-02       3.02880719e-02       3.02880719e-02       3.02880719e-02
      1.53000000e+00       2.05956626e-02       2.05956626e-02       2.05956626e-02       2.05956626e-02       3.01099488e-02       3.01099488e-02       3.01099488e-02       3.01099488e-02
      1.54000000e+00       2.04189360e-02       2.04189360e-02       2.04189360e-02       2.04189360e-02       2.99182169e-02       2.99182169e-02       2.99182169e-02       2.99182169e-02
      1.55000000e+00       2.02364147e-02       2.02364147e-02       2.02364147e-02       2.02364147e-02       2.97130610e-02       2.97130610e-02       2.97130610e-02       2.97130610e-02
      1.56000000e+00       2.00483119e-02       2.00483119e-02       2.00483119e-02       2.00483119e-02       2.94946784e-02       2.94946784e-02       2.94946784e-02       2.94946784e-02
      1.57000000e+00       1.98548430e-02       1.98548430e-02       1.98548430e-02       1.98548430e-02       2.92632792e-02       2.92632792e-02       2.92632792e-02       2.92632792e-02
      1.58000000e+00       1.96562261e-02       1.96562261e-02       1.96562261e-02       1.96562261e-02       2.90190863e-02       2.90190863e-02       2.90190863e-02       2.90190863e-02
      1.59000000e+00       1.94526816e-02       1.94526816e-02       1.94526816e-02       1.94526816e-02       2.87623348e-02       2.87623348e-02       2.87623348e-02       2.87623348e-02
      1.60000000e+00       1.92444322e-02       1.92444322e-02       1.92444322e-02       1.92444322e-02       2.84932720e-02       2.84932720e-02       2.84932720e-02       2.84932720e-02
      1.61000000e+00       1.90317026e-02       1.90317026e-02       1.90317026e-02       1.90317026e-02       2.82121577e-02       2.82121577e-02       2.82121577e-02       2.82121577e-02
      1.62000000e+00       1.88147197e-02       1.88147197e-02       1.88147197e-02       1.88147197e-02       2.79192632e-02       2.79192632e-02       2.79192632e-02       2.79192632e-02
      1.63000000e+00       1.85937123e-02       1.85937123e-02       1.85937123e-02       1.85937123e-02       2.76148719e-02       2.76148719e-02       2.76148719e-02       2.76148719e-02
      1.64000000e+00       1.83689106e-02       1.83689106e-02       1.83689106e-02       1.83689106e-02       2.72992784e-02       2.72992784e-02       2.72992784e-02       2.72992784e-02
      1.65000000e+00       1.81405467e-02       1.81405467e-02       1.81405467e-02       1.81405467e-02       2.69727890e-02       2.69727890e-02       2.69727890e-02       2.69727890e-02
      1.66000000e+00       1.79088540e-02       1.79088540e-02       1.79088540e-02       1.79088540e-02       2.66357209e-02       2.66357209e-02       2.66357209e-02       2.66357209e-02
      1.67000000e+00       1.76740669e-02       1.76740669e-02       1.76740669e-02       1.76740669e-02       2.62884023e-02       2.62884023e-02       2.62884023e-02       2.62884023e-02
      1.68000000e+00       1.74364210e-02       1.74364210e-02       1.74364210e-02       1.74364210e-02       2.59311721e-02       2.59311721e-02       2.59311721e-02       2.59311721e-02
      1.69000000e+00       1.71961524e-02       1.71961524e-02       1.71961524e-02       1.71961524e-02       2.55643796e-02       2.55643796e-02       2.55643796e-02       2.55643796e-02
      1.70000000e+00       1.69534979e-02       1.69534979e-02       1.69534979e-02       1.69534979e-02       2.51883844e-02       2.51883844e-02       2.51883844e-02       2.51883844e-02
      1.71000000e+00       1.67086944e-02       1.67086944e-02       1.67086944e-02       1.67086944e-02       2.48035557e-02       2.48035557e-02       2.48035557e-02       2.48035557e-02
      1.72000000e+00       1.64619789e-02       1.64619789e-02       1.64619789e-02       1.64619789e-02       2.44102727e-02       2.44102727e-02       2.44102727e-02       2.44102727e-02
      1.73000000e+00       1.62135881e-02       1.62135881e-02       1.62135881e-02       1.62135881e-02       2.40089238e-02       2.40089238e-02       2.40089238e-02       2.40089238e-02
      1.74000000e+00       1.59637578e-02       1.59637578e-02       1.59637578e-02       1.59637578e-02       2.35999065e-02       2.35999065e-02       2.35999065e-02       2.35999065e-02
      1.75000000e+00       1.57127232e-02       1.57127232e-02       1.57127232e-02       1.57127232e-02       2.31836268e-02       2.31836268e-02       2.31836268e-02       2.31836268e-02
      1.76000000e+00       1.54607181e-02       1.54607181e-02       1.54607181e-02       1.54607181e-02       2.27604995e-02       2.27604995e-02       2.27604995e-02       2.27604995e-02
      1.77000000e+00       1.52079746e-02       1.52079746e-02       1.52079746e-02       1.52079746e-02       2.23309470e-02       2.23309470e-02       2.23309470e-02       2.23309470e-02
      1.78000000e+00       1.49547231e-02       1.49547231e-02       1.49547231e-02       1.49547231e-02       2.18953998e-02       2.18953998e-02       2.18953998e-02       2.18953998e-02
      1.79000000e+00       1.47011914e-02       1.47011914e-02       1.47011914e-02       1.47011914e-02       2.14542954e-02       2.14542954e-02       2.14542954e-02       2.14542954e-02
      1.80000000e+00       1.44476048e-02       1.44476048e-02       1.44476048e-02       1.44476048e-02       2.10080782e-02       2.10080782e-02       2.10080782e-02       2.10080782e-02
      1.81000000e+00       1.41941856e-02       1.41941856e-02       1.41941856e-02       1.41941856e-02       2.05571994e-02       2.05571994e-02       2.05571994e-02       2.05571994e-02
      1.82000000e+00       1.39411526e-02       1.39411526e-02       1.39411526e-02       1.39411526e-02       2.01021159e-02       2.01021159e-02       2.01021159e-02       2.01021159e-02
      1.83000000e+00       1.36887206e-02       1.36887206e-02       1.36887206e-02       1.36887206e-02       1.96432903e-02       1.96432903e-02       1.96432903e-02       1.96432903e-02
      1.84000000e+00       1.34371006e-02       1.34371006e-02       1.34371006e-02       1.34371006e-02       1.91811904e-02       1.91811904e-02       1.91811904e-02       1.91811904e-02
      1.85000000e+00       1.31864986e-02       1.31864986e-02       1.31864986e-02       1.31864986e-02       1.87162885e-02       1.87162885e-02       1.87162885e-02       1.87162885e-02
      1.86000000e+00       1.29371160e-02       1.29371160e-02       1.29371160e-02       1.29371160e-02       1.82490612e-02       1.82490612e-02       1.82490612e-02       1.82490612e-02
      1.87000000e+00       1.26891487e-02       1.26891487e-02       1.26891487e-02       1.26891487e-02       1.77799883e-02       1.77799883e-02       1.77799883e-02       1.77799883e-02
      1.88000000e+00       1.24427870e-02       1.24427870e-02       1.24427870e-02       1.24427870e-02       1.73095530e-02       1.73095530e-02       1.73095530e-02       1.73095530e-02
      1.89000000e+00       1.21982149e-02       1.21982149e-02       1.21982149e-02       1.21982149e-02       1.68382407e-02       1.68382407e-02       1.68382407e-02       1.68382407e-02
      1.90000000e+00       1.19556104e-02       1.19556104e-02       1.19556104e-02       1.19556104e-02       1.63665387e-02       1.63665387e-02       1.63665387e-02       1.63665387e-02
      1.91000000e+00       1.17151443e-02       1.17151443e-02       1.17151443e-02       1.17151443e-02       1.58949354e-02       1.58949354e-02       1.58949354e-02       1.58949354e-02
      1.92000000e+00       1.14769808e-02       1.14769808e-02       1.14769808e-02       1.14769808e-02       1.54239198e-02       1.54239198e-02       1.54239198e-02       1.54239198e-02
      1.93000000e+00       1.12412764e-02       1.12412764e-02       1.12412764e-02       1.12412764e-02       1.49539807e-02       1.49539807e-02       1.49539807e-02       1.49539807e-02
      1.94000000e+00       1.10081802e-02       1.10081802e-02       1.10081802e-02       1.10081802e-02       1.44856061e-02       1.44856061e-02       1.44856061e-02       1.44856061e-02
      1.95000000e+00       1.07778331e-02       1.07778331e-02       1.07778331e-02       1.07778331e-02       1.40192826e-02       1.40192826e-02       1.40192826e-02       1.40192826e-02
      1.96000000e+00       1.05503681e-02       1.05503681e-02       1.05503681e-02       1.05503681e-02       1.35554942e-02       1.35554942e-02       1.35554942e-02       1.35554942e-02
      1.97000000e+00       1.03259097e-02       1.03259097e-02       1.03259097e-02       1.03259097e-02       1.30947221e-02       1.30947221e-02       1.30947221e-02       1.30947221e-02
      1.98000000e+00       1.01045740e-02       1.01045740e-02       1.01045740e-02       1.01045740e-02       1.26374436e-02       1.26374436e-02       1.26374436e-02       1.26374436e-02
      1.99000000e+00       9.88646805e-03       9.88646805e-03       9.88646805e-03       9.88646805e-03       1.21841313e-02       1.21841313e-02       1.21841313e-02       1.21841313e-02
      2.00000000e+00       9.67169039e-03       9.67169039e-03       9.67169039e-03       9.67169039e-03       1.17352526e-02       1.17352526e-02       1.17352526e-02       1.17352526e-02
      2.01000000e+00       9.46033039e-03       9.46033039e-03       9.46033039e-03       9.46033039e-03       1.12912683e-02       1.12912683e-02       1.12912683e-02       1.12912683e-02
      2.02000000e+00       9.25246842e-03       9.25246842e-03       9.25246842e-03       9.25246842e-03       1.08526325e-02       1.08526325e-02       1.08526325e-02       1.08526325e-02
      2.03000000e+00       9.04817576e-03       9.04817576e-03       9.04817576e-03       9.04817576e-03       1.04197909e-02       1.04197909e-02       1.04197909e-02       1.04197909e-02
      2.04000000e+00       8.84751458e-03       8.84751458e-03       8.84751458e-03       8.84751458e-03       9.99318068e-03       9.99318068e-03       9.99318068e-03       9.99318068e-03
      2.05000000e+00       8.65053798e-03       8.65053798e-03       8.65053798e-03       8.65053798e-03       9.57322931e-03       9.57322931e-03       9.57322931e-03       9.57322931e-03
      2.06000000e+00       8.45729001e-03       8.45729001e-03       8.45729001e-03       8.45729001e-03       9.16035359e-03       9.16035359e-03       9.16035359e-03       9.16035359e-03
      2.07000000e+00       8.26780582e-03       8.26780582e-03       8.26780582e-03       8.26780582e-03       8.75495890e-03       8.75495890e-03       8.75495890e-03       8.75495890e-03
      2.08000000e+00       8.08211169e-03       8.08211169e-03       8.08211169e-03       8.08211169e-03       8.35743832e-03       8.35743832e-03       8.35743832e-03       8.35743832e-03
      2.09000000e+00       7.90022528e-03       7.90022528e-03       7.90022528e-03       7.90022528e-03       7.96817167e-03       7.96817167e-03       7.96817167e-03       7.96817167e-03
      2.10000000e+00       7.72215575e-03       7.72215575e-03       7.72215575e-03       7.72215575e-03       7.58752471e-03       7.58752471e-03       7.58752471e-03       7.58752471e-03
      2.11000000e+00       7.54790400e-03       7.54790400e-03       7.54790400e-03       7.54790400e-03       7.21584825e-03       7.21584825e-03       7.21584825e-03       7.21584825e-03
      2.12000000e+00       7.37746295e-03       7.37746295e-03       7.37746295e-03       7.37746295e-03       6.85347729e-03       6.85347729e-03       6.85347729e-03       6.85347729e-03
      2.13000000e+00       7.21081777e-03       7.21081777e-03       7.21081777e-03       7.21081777e-03       6.50073017e-03       6.50073017e-03       6.50073017e-03       6.50073017e-03
      2.14000000e+00       7.04794623e-03       7.04794623e-03       7.04794623e-03       7.04794623e-03       6.15790778e-03       6.15790778e-03       6.15790778e-03       6.15790778e-03
      2.15000000e+00       6.88881905e-03       6.88881905e-03       6.88881905e-03       6.88881905e-03       5.82529274e-03       5.82529274e-03       5.82529274e-03       5.82529274e-03
      2.16000000e+00       6.73340023e-03       6.73340023e-03       6.73340023e-03       6.73340023e-03       5.50314863e-03       5.50314863e-03       5.50314863e-03       5.50314863e-03
      2.17000000e+00       6.58164746e-03       6.58164746e-03       6.58164746e-03       6.58164746e-03       5.19171924e-03       5.19171924e-03       5.19171924e-03       5.19171924e-03
      2.18000000e+00       6.43351254e-03       6.43351254e-03       6.43351254e-03       6.43351254e-03       4.89122788e-03       4.89122788e-03       4.89122788e-03       4.89122788e-03
      2.19000000e+00       6.28894185e-03       6.28894185e-03       6.28894185e-03       6.28894185e-03       4.60187667e-03       4.60187667e-03       4.60187667e-03       4.60187667e-03
      2.20000000e+00       6.14787673e-03       6.14787673e-03       6.14787673e-03       6.14787673e-03       4.32384594e-03       4.32384594e-03       4.32384594e-03       4.32384594e-03
      2.21000000e+00       6.01025405e-03       6.01025405e-03       6.01025405e-03       6.01025405e-03       4.05729361e-03       4.05729361e-03       4.05729361e-03       4.05729361e-03
      2.22000000e+00       5.87600661e-03       5.87600661e-03       5.87600661e-03       5.87600661e-03       3.80235466e-03       3.80235466e-03       3.80235466e-03       3.80235466e-03
      2.23000000e+00       5.74506372e-03       5.74506372e-03       5.74506372e-03       5.74506372e-03       3.55914064e-03       3.55914064e-03       3.55914064e-03       3.55914064e-03
      2.24000000e+00       5.61735168e-03       5.61735168e-03       5.61735168e-03       5.61735168e-03       3.32773922e-03       3.32773922e-03       3.32773922e-03       3.32773922e-03
      2.25000000e+00       5.49279430e-03       5.49279430e-03       5.49279430e-03       5.49279430e-03       3.10821382e-03       3.10821382e-03       3.10821382e-03       3.10821382e-03
      2.26000000e+00       5.37131345e-03       5.37131345e-03       5.37131345e-03       5.37131345e-03       2.90060326e-03       2.90060326e-03       2.90060326e-03       2.90060326e-03
      2.27000000e+00       5.25282955e-03       5.25282955e-03       5.25282955e-03       5.25282955e-03       2.70492155e-03       2.70492155e-03       2.70492155e-03       2.70492155e-03
      2.28000000e+00       5.13726216e-03       5.13726216e-03       5.13726216e-03       5.13726216e-03       2.52115767e-03       2.52115767e-03       2.52115767e-03       2.52115767e-03
      2.29000000e+00       5.02453047e-03       5.02453047e-03       5.02453047e-03       5.02453047e-03       2.34927544e-03       2.34927544e-03       2.34927544e-03       2.34927544e-03
      2.30000000e+00       4.91455381e-03       4.91455381e-03       4.91455381e-03       4.91455381e-03       2.18921350e-03       2.18921350e-03       2.18921350e-03       2.18921350e-03
      2.31000000e+00       4.80725220e-03       4.80725220e-03       4.80725220e-03       4.80725220e-03       2.04088531e-03       2.04088531e-03       2.04088531e-03       2.04088531e-03
      2.32000000e+00       4.70254686e-03       4.70254686e-03       4.70254686e-03       4.70254686e-03       1.90417925e-03       1.90417925e-03       1.90417925e-03       1.90417925e-03
      2.33000000e+00       4.60036066e-03       4.60036066e-03       4.60036066e-03       4.60036066e-03       1.77895882e-03       1.77895882e-03       1.77895882e-03       1.77895882e-03
      2.34000000e+00       4.50061862e-03       4.50061862e-03       4.50061862e-03       4.50061862e-03       1.66506288e-03       1.66506288e-03       1.66506288e-03       1.66506288e-03
      2.35000000e+00       4.40324838e-03       4.40324838e-03       4.40324838e-03       4.40324838e-03       1.56230597e-03       1.56230597e-03       1.56230597e-03       1.56230597e-03
      2.36000000e+00       4.30818062e-03       4.30818062e-03       4.30818062e-03       4.30818062e-03       1.47047876e-03       1.47047876e-03       1.47047876e-03       1.47047876e-03
      2.37000000e+00       4.21534949e-03       4.21534949e-03       4.21534949e-03       4.21534949e-03       1.38934853e-03       1.38934853e-03       1.38934853e-03       1.38934853e-03
      2.38000000e+00       4.12469299e-03       4.12469299e-03       4.12469299e-03       4.12469299e-03       1.31865974e-03       1.31865974e-03       1.31865974e-03       1.31865974e-03
      2.39000000e+00       4.03615332e-03       4.03615332e-03       4.03615332e-03       4.03615332e-03       1.25813472e-03       1.25813472e-03       1.25813472e-03       1.25813472e-03
      2.40000000e+00       3.94967725e-03       3.94967725e-03       3.94967725e-03       3.94967725e-03       1.20747435e-03       1.20747435e-03       1.20747435e-03       1.20747435e-03
      2.41000000e+00       3.86521641e-03       3.86521641e-03       3.86521641e-03       3.86521641e-03       1.16635895e-03       1.16635895e-03       1.16635895e-03       1.16635895e-03
      2.42000000e+00       3.78272754e-03       3.78272754e-03       3.78272754e-03       3.78272754e-03       1.13444912e-03       1.13444912e-03       1.13444912e-03       1.13444912e-03
      2.43000000e+00       3.70217276e-03       3.70217276e-03       3.70217276e-03       3.70217276e-03       1.11138673e-03       1.11138673e-03       1.11138673e-03       1.11138673e-03
      2.44000000e+00       3.62351978e-03       3.62351978e-03       3.62351978e-03       3.62351978e-03       1.09679596e-03       1.09679596e-03       1.09679596e-03       1.09679596e-03
      2.45000000e+00       3.54674203e-03       3.54674203e-03       3.54674203e-03       3.54674203e-03       1.09028441e-03       1.09028441e-03       1.09028441e-03       1.09028441e-03
      2.46000000e+00       3.47181883e-03       3.47181883e-03       3.47181883e-03       3.47181883e-03       1.09144431e-03       1.09144431e-03       1.09144431e-03       1.09144431e-03
      2.47000000e+00       3.39873548e-03       3.39873548e-03       3.39873548e-03       3.39873548e-03       1.09985373e-03       1.09985373e-03       1.09985373e-03       1.09985373e-03
      2.48000000e+00       3.32748331e-03       3.32748331e-03       3.32748331e-03       3.32748331e-03       1.11507789e-03       1.11507789e-03       1.11507789e-03       1.11507789e-03
      2.49000000e+00       3.25805972e-03       3.25805972e-03       3.25805972e-03       3.25805972e-03       1.13667055e-03       1.13667055e-03       1.13667055e-03       1.13667055e-03
      2.50000000e+00       3.19046813e-03       3.19046813e-03       3.19046813e-03       3.19046813e-03       1.16417540e-03       1.16417540e-03       1.16417540e-03       1.16417540e-03
