      0.00000000e+00       5.00000000e-01       5.00000000e-01       5.00000000e-01       5.00000000e-01       5.00000000e-01       5.00000000e-01       5.00000000e-01       5.00000000e-01       5.00000000e-01       5.00000000e-01       5.00000000e-01       5.00000000e-01
      5.00000000e-03       5.00000000e-01       5.00000000e-01       5.00000000e-01       5.00000000e-01       5.00000000e-01       5.00000000e-01       5.00000304e-01       5.00000000e-01       4.99999696e-01       5.00000000e-01       5.00000000e-01       5.00000000e-01
      1.00000000e-02       5.00000000e-01       5.00000000e-01       5.00000000e-01       5.00000000e-01       5.00000000e-01       5.00000000e-01       5.00001215e-01       5.00000000e-01       4.99998785e-01       5.00000000e-01       5.00000000e-01       5.00000000e-01
      1.50000000e-02       5.00000000e-01       5.00000000e-01       5.00000000e-01       5.00000000e-01       5.00000000e-01       5.00000000e-01       5.00002733e-01       5.00000000e-01       4.99997268e-01       5.00000000e-01       5.00000000e-01       5.00000000e-01
      2.00000000e-02       5.00000000e-01       5.00000000e-01       5.00000000e-01       5.00000000e-01       5.00000000e-01       5.00000000e-01       5.00004857e-01       5.00000000e-01       4.99995143e-01       5.00000000e-01       4.99999999e-01       5.00000000e-01
      2.50000000e-02       5.00000000e-01       5.00000000e-01       5.00000000e-01       5.00000000e-01       5.00000000e-01       5.00000000e-01       5.00007589e-01       5.00000000e-01       4.99992413e-01       5.00000000e-01       4.99999999e-01       5.00000000e-01
      3.00000000e-02       5.00000000e-01       5.00000000e-01       5.00000000e-01       5.00000000e-01       5.00000000e-01       5.00000000e-01       5.00010926e-01       5.00000000e-01       4.99989077e-01       5.00000000e-01       4.99999997e-01       5.00000000e-01
      3.50000000e-02       5.00000000e-01       5.00000000e-01       5.00000001e-01       5.00000000e-01       5.00000000e-01       5.00000000e-01       5.00014869e-01       5.00000000e-01       4.99985138e-01       5.00000000e-01       4.99999994e-01       5.00000000e-01
      4.00000000e-02       5.00000000e-01       5.00000000e-01       5.00000001e-01       5.00000000e-01       5.00000000e-01       5.00000000e-01       5.00019416e-01       5.00000000e-01       4.99980595e-01       5.00000000e-01       4.99999990e-01       5.00000000e-01
      4.50000000e-02       5.00000001e-01       5.00000000e-01       5.00000001e-01       5.00000000e-01       5.00000000e-01       5.00000000e-01       5.00024567e-01       5.00000000e-01       4.99975450e-01       5.00000000e-01       4.99999984e-01       5.00000000e-01
      5.00000000e-02       5.00000001e-01       5.00000000e-01       5.00000002e-01       5.00000000e-01       5.00000001e-01       5.00000000e-01       5.00030322e-01       5.00000000e-01       4.99969704e-01       5.00000000e-01       4.99999976e-01       5.00000000e-01
      5.50000000e-02       5.00000002e-01       5.00000000e-01       5.00000003e-01       5.00000000e-01       5.00000001e-01       5.00000000e-01       5.00036678e-01       5.00000000e-01       4.99963360e-01       5.00000000e-01       4.99999965e-01       5.00000000e-01
      6.00000000e-02       5.00000002e-01       5.00000000e-01       5.00000004e-01       5.00000000e-01       5.00000001e-01       5.00000000e-01       5.00043635e-01       5.00000000e-01       4.99956419e-01       5.00000000e-01       4.99999951e-01       5.00000000e-01
      6.50000000e-02       5.00000003e-01       5.00000000e-01       5.00000006e-01       5.00000000e-01       5.00000002e-01       5.00000000e-01       5.00051192e-01       5.00000000e-01       4.99948882e-01       5.00000000e-01       4.99999932e-01       5.00000000e-01
      7.00000000e-02       5.00000005e-01       5.00000000e-01       5.00000008e-01       5.00000000e-01       5.00000002e-01       5.00000000e-01       5.00059347e-01       5.00000000e-01       4.99940752e-01       5.00000000e-01       4.99999909e-01       5.00000000e-01
      7.50000000e-02       5.00000006e-01       5.00000000e-01       5.00000011e-01       5.00000000e-01       5.00000003e-01       5.00000000e-01       5.00068100e-01       5.00000000e-01       4.99932032e-01       5.00000000e-01       4.99999880e-01       5.00000000e-01
      8.00000000e-02       5.00000008e-01       5.00000000e-01       5.00000014e-01       5.00000000e-01       5.00000004e-01       5.00000000e-01       5.00077448e-01       5.00000000e-01       4.99922723e-01       5.00000000e-01       4.99999845e-01       5.00000000e-01
      8.50000000e-02       5.00000010e-01       5.00000000e-01       5.00000018e-01       5.00000000e-01       5.00000005e-01       5.00000000e-01       5.00087389e-01       5.00000000e-01       4.99912828e-01       5.00000000e-01       4.99999803e-01       5.00000000e-01
      9.00000000e-02       5.00000012e-01       5.00000000e-01       5.00000023e-01       5.00000000e-01       5.00000006e-01       5.00000000e-01       5.00097923e-01       5.00000000e-01       4.99902350e-01       5.00000000e-01       4.99999752e-01       5.00000000e-01
      9.50000000e-02       5.00000015e-01       5.00000000e-01       5.00000028e-01       5.00000000e-01       5.00000008e-01       5.00000000e-01       5.00109047e-01       5.00000000e-01       4.99891292e-01       5.00000000e-01       4.99999692e-01       5.00000000e-01
      1.00000000e-01       5.00000019e-01       5.00000000e-01       5.00000034e-01       5.00000000e-01       5.00000009e-01       5.00000000e-01       5.00120759e-01       5.00000000e-01       4.99879656e-01       5.00000000e-01       4.99999623e-01       5.00000000e-01
      1.05000000e-01       5.00000023e-01       5.00000000e-01       5.00000042e-01       5.00000000e-01       5.00000011e-01       5.00000000e-01       5.00133057e-01       5.00000000e-01       4.99867447e-01       5.00000000e-01       4.99999541e-01       5.00000000e-01
      1.10000000e-01       5.00000028e-01       5.00000000e-01       5.00000050e-01       5.00000000e-01       5.00000013e-01       5.00000000e-01       5.00145940e-01       5.00000000e-01       4.99854668e-01       5.00000000e-01       4.99999448e-01       5.00000000e-01
      1.15000000e-01       5.00000033e-01       5.00000000e-01       5.00000060e-01       5.00000000e-01       5.00000016e-01       5.00000000e-01       5.00159404e-01       5.00000000e-01       4.99841321e-01       5.00000000e-01       4.99999341e-01       5.00000000e-01
      1.20000000e-01       5.00000039e-01       5.00000000e-01       5.00000071e-01       5.00000000e-01       5.00000019e-01       5.00000000e-01       5.00173448e-01       5.00000000e-01       4.99827411e-01       5.00000000e-01       4.99999219e-01       5.00000000e-01
      1.25000000e-01       5.00000046e-01       5.00000000e-01       5.00000084e-01       5.00000000e-01       5.00000022e-01       5.00000000e-01       5.00188069e-01       5.00000000e-01       4.99812942e-01       5.00000000e-01       4.99999080e-01       5.00000000e-01
      1.30000000e-01       5.00000054e-01       5.00000000e-01       5.00000098e-01       5.00000000e-01       5.00000026e-01       5.00000000e-01       5.00203265e-01       5.00000000e-01       4.99797917e-01       5.00000000e-01       4.99998925e-01       5.00000000e-01
      1.35000000e-01       5.00000063e-01       5.00000000e-01       5.00000114e-01       5.00000000e-01       5.00000030e-01       5.00000000e-01       5.00219032e-01       5.00000000e-01       4.99782342e-01       5.00000000e-01       4.99998750e-01       5.00000000e-01
      1.40000000e-01       5.00000072e-01       5.00000000e-01       5.00000132e-01       5.00000000e-01       5.00000034e-01       5.00000000e-01       5.00235369e-01       5.00000000e-01       4.99766219e-01       5.00000000e-01       4.99998555e-01       5.00000000e-01
      1.45000000e-01       5.00000083e-01       5.00000000e-01       5.00000152e-01       5.00000000e-01       5.00000039e-01       5.00000000e-01       5.00252272e-01       5.00000000e-01       4.99749554e-01       5.00000000e-01       4.99998338e-01       5.00000000e-01
      1.50000000e-01       5.00000095e-01       5.00000000e-01       5.00000174e-01       5.00000000e-01       5.00000045e-01       5.00000000e-01       5.00269739e-01       5.00000000e-01       4.99732352e-01       5.00000000e-01       4.99998098e-01       5.00000000e-01
      1.55000000e-01       5.00000109e-01       5.00000000e-01       5.00000198e-01       5.00000000e-01       5.00000051e-01       5.00000000e-01       5.00287765e-01       5.00000000e-01       4.99714617e-01       5.00000000e-01       4.99997833e-01       5.00000000e-01
      1.60000000e-01       5.00000124e-01       5.00000000e-01       5.00000224e-01       5.00000000e-01       5.00000058e-01       5.00000000e-01       5.00306349e-01       5.00000000e-01       4.99696353e-01       5.00000000e-01       4.99997541e-01       5.00000000e-01
      1.65000000e-01       5.00000140e-01       5.00000000e-01       5.00000254e-01       5.00000000e-01       5.00000065e-01       5.00000000e-01       5.00325487e-01       5.00000000e-01       4.99677567e-01       5.00000000e-01       4.99997221e-01       5.00000000e-01
      1.70000000e-01       5.00000158e-01       5.00000000e-01       5.00000285e-01       5.00000000e-01       5.00000073e-01       5.00000000e-01       5.00345176e-01       5.00000000e-01       4.99658264e-01       5.00000000e-01       4.99996870e-01       5.00000000e-01
      1.75000000e-01       5.00000177e-01       5.00000000e-01       5.00000320e-01       5.00000000e-01       5.00000081e-01       5.00000000e-01       5.00365412e-01       5.00000000e-01       4.99638448e-01       5.00000000e-01       4.99996488e-01       5.00000000e-01
      1.80000000e-01       5.00000198e-01       5.00000000e-01       5.00000358e-01       5.00000000e-01       5.00000091e-01       5.00000000e-01       5.00386191e-01       5.00000000e-01       4.99618125e-01       5.00000000e-01       4.99996071e-01       5.00000000e-01
      1.85000000e-01       5.00000221e-01       5.00000000e-01       5.00000399e-01       5.00000000e-01       5.00000101e-01       5.00000000e-01       5.00407511e-01       5.00000000e-01       4.99597302e-01       5.00000000e-01       4.99995619e-01       5.00000000e-01
      1.90000000e-01       5.00000246e-01       5.00000000e-01       5.00000444e-01       5.00000000e-01       5.00000111e-01       5.00000000e-01       5.00429367e-01       5.00000000e-01       4.99575983e-01       5.00000000e-01       4.99995130e-01       5.00000000e-01
      1.95000000e-01       5.00000273e-01       5.00000000e-01       5.00000492e-01       5.00000000e-01       5.00000123e-01       5.00000000e-01       5.00451755e-01       5.00000000e-01       4.99554175e-01       5.00000000e-01       4.99994600e-01       5.00000000e-01
      2.00000000e-01       5.00000302e-01       5.00000000e-01       5.00000544e-01       5.00000000e-01       5.00000136e-01       5.00000000e-01       5.00474672e-01       5.00000000e-01       4.99531884e-01       5.00000000e-01       4.99994030e-01       5.00000000e-01
      2.05000000e-01       5.00000334e-01       5.00000000e-01       5.00000600e-01       5.00000000e-01       5.00000149e-01       5.00000000e-01       5.00498114e-01       5.00000000e-01       4.99509116e-01       5.00000000e-01       4.99993415e-01       5.00000000e-01
      2.10000000e-01       5.00000367e-01       5.00000000e-01       5.00000660e-01       5.00000000e-01       5.00000163e-01       5.00000000e-01       5.00522077e-01       5.00000000e-01       4.99485878e-01       5.00000000e-01       4.99992754e-01       5.00000000e-01
      2.15000000e-01       5.00000404e-01       5.00000000e-01       5.00000725e-01       5.00000000e-01       5.00000179e-01       5.00000000e-01       5.00546556e-01       5.00000000e-01       4.99462175e-01       5.00000000e-01       4.99992046e-01       5.00000000e-01
      2.20000000e-01       5.00000443e-01       5.00000000e-01       5.00000794e-01       5.00000000e-01       5.00000195e-01       5.00000000e-01       5.00571547e-01       5.00000000e-01       4.99438016e-01       5.00000000e-01       4.99991287e-01       5.00000000e-01
      2.25000000e-01       5.00000485e-01       5.00000000e-01       5.00000867e-01       5.00000000e-01       5.00000212e-01       5.00000000e-01       5.00597047e-01       5.00000000e-01       4.99413405e-01       5.00000000e-01       4.99990475e-01       5.00000000e-01
      2.30000000e-01       5.00000529e-01       5.00000000e-01       5.00000946e-01       5.00000000e-01       5.00000230e-01       5.00000000e-01       5.00623049e-01       5.00000000e-01       4.99388351e-01       5.00000000e-01       4.99989609e-01       5.00000000e-01
      2.35000000e-01       5.00000577e-01       5.00000000e-01       5.00001030e-01       5.00000000e-01       5.00000250e-01       5.00000000e-01       5.00649551e-01       5.00000000e-01       4.99362861e-01       5.00000000e-01       4.99988686e-01       5.00000000e-01
      2.40000000e-01       5.00000628e-01       5.00000000e-01       5.00001119e-01       5.00000000e-01       5.00000270e-01       5.00000000e-01       5.00676547e-01       5.00000000e-01       4.99336941e-01       5.00000000e-01       4.99987703e-01       5.00000000e-01
      2.45000000e-01       5.00000682e-01       5.00000000e-01       5.00001214e-01       5.00000000e-01       5.00000292e-01       5.00000000e-01       5.00704033e-01       5.00000000e-01       4.99310599e-01       5.00000000e-01       4.99986658e-01       5.00000000e-01
      2.50000000e-01       5.00000739e-01       5.00000000e-01       5.00001315e-01       5.00000000e-01       5.00000315e-01       5.00000000e-01       5.00732003e-01       5.00000000e-01       4.99283842e-01       5.00000000e-01       4.99985549e-01       5.00000000e-01
      2.55000000e-01       5.00000801e-01       5.00000000e-01       5.00001421e-01       5.00000000e-01       5.00000339e-01       5.00000000e-01       5.00760454e-01       5.00000000e-01       4.99256678e-01       5.00000000e-01       4.99984373e-01       5.00000000e-01
      2.60000000e-01       5.00000866e-01       5.00000000e-01       5.00001534e-01       5.00000000e-01       5.00000364e-01       5.00000000e-01       5.00789380e-01       5.00000000e-01       4.99229115e-01       5.00000000e-01       4.99983128e-01       5.00000000e-01
      2.65000000e-01       5.00000934e-01       5.00000000e-01       5.00001653e-01       5.00000000e-01       5.00000391e-01       5.00000000e-01       5.00818776e-01       5.00000000e-01       4.99201159e-01       5.00000000e-01       4.99981810e-01       5.00000000e-01
      2.70000000e-01       5.00001007e-01       5.00000000e-01       5.00001780e-01       5.00000000e-01       5.00000418e-01       5.00000000e-01       5.00848637e-01       5.00000000e-01       4.99172820e-01       5.00000000e-01       4.99980418e-01       5.00000000e-01
      2.75000000e-01       5.00001084e-01       5.00000000e-01       5.00001913e-01       5.00000000e-01       5.00000447e-01       5.00000000e-01       5.00878957e-01       5.00000000e-01       4.99144105e-01       5.00000000e-01       4.99978949e-01       5.00000000e-01
      2.80000000e-01       5.00001166e-01       5.00000000e-01       5.00002053e-01       5.00000000e-01       5.00000478e-01       5.00000000e-01       5.00909733e-01       5.00000000e-01       4.99115022e-01       5.00000000e-01       4.99977400e-01       5.00000000e-01
      2.85000000e-01       5.00001251e-01       5.00000000e-01       5.00002200e-01       5.00000000e-01       5.00000510e-01       5.00000000e-01       5.00940957e-01       5.00000000e-01       4.99085579e-01       5.00000000e-01       4.99975768e-01       5.00000000e-01
      2.90000000e-01       5.00001342e-01       5.00000000e-01       5.00002356e-01       5.00000000e-01       5.00000543e-01       5.00000000e-01       5.00972626e-01       5.00000000e-01       4.99055786e-01       5.00000000e-01       4.99974051e-01       5.00000000e-01
      2.95000000e-01       5.00001437e-01       5.00000000e-01       5.00002519e-01       5.00000000e-01       5.00000577e-01       5.00000000e-01       5.01004733e-01       5.00000000e-01       4.99025649e-01       5.00000000e-01       4.99972246e-01       5.00000000e-01
      3.00000000e-01       5.00001538e-01       5.00000000e-01       5.00002690e-01       5.00000000e-01       5.00000613e-01       5.00000000e-01       5.01037273e-01       5.00000000e-01       4.98995178e-01       5.00000000e-01       4.99970350e-01       5.00000000e-01
      3.05000000e-01       5.00001644e-01       5.00000000e-01       5.00002870e-01       5.00000000e-01       5.00000651e-01       5.00000000e-01       5.01070240e-01       5.00000000e-01       4.98964382e-01       5.00000000e-01       4.99968360e-01       5.00000000e-01
      3.10000000e-01       5.00001755e-01       5.00000000e-01       5.00003058e-01       5.00000000e-01       5.00000690e-01       5.00000000e-01       5.01103628e-01       5.00000000e-01       4.98933269e-01       5.00000000e-01       4.99966274e-01       5.00000000e-01
      3.15000000e-01       5.00001871e-01       5.00000000e-01       5.00003255e-01       5.00000000e-01       5.00000730e-01       5.00000000e-01       5.01137432e-01       5.00000000e-01       4.98901848e-01       5.00000000e-01       4.99964088e-01       5.00000000e-01
      3.20000000e-01       5.00001993e-01       5.00000000e-01       5.00003462e-01       5.00000000e-01       5.00000772e-01       5.00000000e-01       5.01171646e-01       5.00000000e-01       4.98870127e-01       5.00000000e-01       4.99961799e-01       5.00000000e-01
      3.25000000e-01       5.00002122e-01       5.00000000e-01       5.00003677e-01       5.00000000e-01       5.00000815e-01       5.00000000e-01       5.01206264e-01       5.00000000e-01       4.98838117e-01       5.00000000e-01       4.99959406e-01       5.00000000e-01
      3.30000000e-01       5.00002256e-01       5.00000000e-01       5.00003903e-01       5.00000000e-01       5.00000860e-01       5.00000000e-01       5.01241281e-01       5.00000000e-01       4.98805825e-01       5.00000000e-01       4.99956904e-01       5.00000000e-01
      3.35000000e-01       5.00002397e-01       5.00000000e-01       5.00004138e-01       5.00000000e-01       5.00000906e-01       5.00000000e-01       5.01276689e-01       5.00000000e-01       4.98773262e-01       5.00000000e-01       4.99954290e-01       5.00000000e-01
      3.40000000e-01       5.00002544e-01       5.00000000e-01       5.00004384e-01       5.00000000e-01       5.00000954e-01       5.00000000e-01       5.01312483e-01       5.00000000e-01       4.98740437e-01       5.00000000e-01       4.99951563e-01       5.00000000e-01
      3.45000000e-01       5.00002698e-01       5.00000000e-01       5.00004639e-01       5.00000000e-01       5.00001003e-01       5.00000000e-01       5.01348656e-01       5.00000000e-01       4.98707358e-01       5.00000000e-01       4.99948718e-01       5.00000000e-01
      3.50000000e-01       5.00002859e-01       5.00000000e-01       5.00004906e-01       5.00000000e-01       5.00001054e-01       5.00000000e-01       5.01385203e-01       5.00000000e-01       4.98674036e-01       5.00000000e-01       4.99945752e-01       5.00000000e-01
      3.55000000e-01       5.00003027e-01       5.00000000e-01       5.00005184e-01       5.00000000e-01       5.00001106e-01       5.00000000e-01       5.01422118e-01       5.00000000e-01       4.98640480e-01       5.00000000e-01       4.99942663e-01       5.00000000e-01
      3.60000000e-01       5.00003202e-01       5.00000000e-01       5.00005472e-01       5.00000000e-01       5.00001159e-01       5.00000000e-01       5.01459393e-01       5.00000000e-01       4.98606700e-01       5.00000000e-01       4.99939447e-01       5.00000000e-01
      3.65000000e-01       5.00003385e-01       5.00000000e-01       5.00005773e-01       5.00000000e-01       5.00001215e-01       5.00000000e-01       5.01497022e-01       5.00000000e-01       4.98572704e-01       5.00000000e-01       4.99936102e-01       5.00000000e-01
      3.70000000e-01       5.00003576e-01       5.00000000e-01       5.00006085e-01       5.00000000e-01       5.00001271e-01       5.00000000e-01       5.01534999e-01       5.00000000e-01       4.98538504e-01       5.00000000e-01       4.99932624e-01       5.00000000e-01
      3.75000000e-01       5.00003774e-01       5.00000000e-01       5.00006409e-01       5.00000000e-01       5.00001329e-01       5.00000000e-01       5.01573318e-01       5.00000000e-01       4.98504108e-01       5.00000000e-01       4.99929009e-01       5.00000000e-01
      3.80000000e-01       5.00003981e-01       5.00000000e-01       5.00006745e-01       5.00000000e-01       5.00001388e-01       5.00000000e-01       5.01611971e-01       5.00000000e-01       4.98469528e-01       5.00000000e-01       4.99925255e-01       5.00000000e-01
      3.85000000e-01       5.00004197e-01       5.00000000e-01       5.00007094e-01       5.00000000e-01       5.00001449e-01       5.00000000e-01       5.01650952e-01       5.00000000e-01       4.98434772e-01       5.00000000e-01       4.99921359e-01       5.00000000e-01
      3.90000000e-01       5.00004421e-01       5.00000000e-01       5.00007456e-01       5.00000000e-01       5.00001511e-01       5.00000000e-01       5.01690255e-01       5.00000000e-01       4.98399851e-01       5.00000000e-01       4.99917317e-01       5.00000000e-01
      3.95000000e-01       5.00004654e-01       5.00000000e-01       5.00007831e-01       5.00000000e-01       5.00001574e-01       5.00000000e-01       5.01729873e-01       5.00000000e-01       4.98364774e-01       5.00000000e-01       4.99913126e-01       5.00000000e-01
      4.00000000e-01       5.00004896e-01       5.00000000e-01       5.00008219e-01       5.00000000e-01       5.00001639e-01       5.00000000e-01       5.01769798e-01       5.00000000e-01       4.98329553e-01       5.00000000e-01       4.99908783e-01       5.00000000e-01
      4.05000000e-01       5.00005147e-01       5.00000000e-01       5.00008621e-01       5.00000000e-01       5.00001705e-01       5.00000000e-01       5.01810024e-01       5.00000000e-01       4.98294197e-01       5.00000000e-01       4.99904285e-01       5.00000000e-01
      4.10000000e-01       5.00005408e-01       5.00000000e-01       5.00009037e-01       5.00000000e-01       5.00001772e-01       5.00000000e-01       5.01850545e-01       5.00000000e-01       4.98258716e-01       5.00000000e-01       4.99899628e-01       5.00000000e-01
      4.15000000e-01       5.00005679e-01       5.00000000e-01       5.00009467e-01       5.00000000e-01       5.00001840e-01       5.00000000e-01       5.01891352e-01       5.00000000e-01       4.98223121e-01       5.00000000e-01       4.99894809e-01       5.00000000e-01
      4.20000000e-01       5.00005960e-01       5.00000000e-01       5.00009911e-01       5.00000000e-01       5.00001910e-01       5.00000000e-01       5.01932440e-01       5.00000000e-01       4.98187423e-01       5.00000000e-01       4.99889825e-01       5.00000000e-01
      4.25000000e-01       5.00006252e-01       5.00000000e-01       5.00010370e-01       5.00000000e-01       5.00001980e-01       5.00000000e-01       5.01973800e-01       5.00000000e-01       4.98151631e-01       5.00000000e-01       4.99884672e-01       5.00000000e-01
      4.30000000e-01       5.00006554e-01       5.00000000e-01       5.00010844e-01       5.00000000e-01       5.00002051e-01       5.00000000e-01       5.02015427e-01       5.00000000e-01       4.98115755e-01       5.00000000e-01       4.99879348e-01       5.00000000e-01
      4.35000000e-01       5.00006867e-01       5.00000000e-01       5.00011334e-01       5.00000000e-01       5.00002124e-01       5.00000000e-01       5.02057312e-01       5.00000000e-01       4.98079808e-01       5.00000000e-01       4.99873848e-01       5.00000000e-01
      4.40000000e-01       5.00007191e-01       5.00000000e-01       5.00011839e-01       5.00000000e-01       5.00002197e-01       5.00000000e-01       5.02099449e-01       5.00000000e-01       4.98043798e-01       5.00000000e-01       4.99868170e-01       5.00000000e-01
      4.45000000e-01       5.00007527e-01       5.00000000e-01       5.00012359e-01       5.00000000e-01       5.00002271e-01       5.00000000e-01       5.02141831e-01       5.00000000e-01       4.98007737e-01       5.00000000e-01       4.99862311e-01       5.00000000e-01
      4.50000000e-01       5.00007875e-01       5.00000000e-01       5.00012896e-01       5.00000000e-01       5.00002346e-01       5.00000000e-01       5.02184449e-01       5.00000000e-01       4.97971635e-01       5.00000000e-01       4.99856266e-01       5.00000000e-01
      4.55000000e-01       5.00008234e-01       5.00000000e-01       5.00013449e-01       5.00000000e-01       5.00002421e-01       5.00000000e-01       5.02227298e-01       5.00000000e-01       4.97935502e-01       5.00000000e-01       4.99850033e-01       5.00000000e-01
      4.60000000e-01       5.00008606e-01       5.00000000e-01       5.00014019e-01       5.00000000e-01       5.00002497e-01       5.00000000e-01       5.02270369e-01       5.00000000e-01       4.97899351e-01       5.00000000e-01       4.99843608e-01       5.00000000e-01
      4.65000000e-01       5.00008990e-01       5.00000000e-01       5.00014606e-01       5.00000000e-01       5.00002573e-01       5.00000000e-01       5.02313656e-01       5.00000000e-01       4.97863190e-01       5.00000000e-01       4.99836988e-01       5.00000000e-01
      4.70000000e-01       5.00009387e-01       5.00000000e-01       5.00015209e-01       5.00000000e-01       5.00002650e-01       5.00000000e-01       5.02357150e-01       5.00000000e-01       4.97827031e-01       5.00000000e-01       4.99830170e-01       5.00000000e-01
      4.75000000e-01       5.00009797e-01       5.00000000e-01       5.00015831e-01       5.00000000e-01       5.00002727e-01       5.00000000e-01       5.02400845e-01       5.00000000e-01       4.97790884e-01       5.00000000e-01       4.99823150e-01       5.00000000e-01
      4.80000000e-01       5.00010221e-01       5.00000000e-01       5.00016469e-01       5.00000000e-01       5.00002805e-01       5.00000000e-01       5.02444732e-01       5.00000000e-01       4.97754761e-01       5.00000000e-01       4.99815926e-01       5.00000000e-01
      4.85000000e-01       5.00010658e-01       5.00000000e-01       5.00017126e-01       5.00000000e-01       5.00002882e-01       5.00000000e-01       5.02488805e-01       5.00000000e-01       4.97718671e-01       5.00000000e-01       4.99808493e-01       5.00000000e-01
      4.90000000e-01       5.00011110e-01       5.00000000e-01       5.00017801e-01       5.00000000e-01       5.00002959e-01       5.00000000e-01       5.02533056e-01       5.00000000e-01       4.97682626e-01       5.00000000e-01       4.99800849e-01       5.00000000e-01
      4.95000000e-01       5.00011575e-01       5.00000000e-01       5.00018494e-01       5.00000000e-01       5.00003036e-01       5.00000000e-01       5.02577478e-01       5.00000000e-01       4.97646637e-01       5.00000000e-01       4.99792989e-01       5.00000000e-01
      5.00000000e-01       5.00012056e-01       5.00000000e-01       5.00019206e-01       5.00000000e-01       5.00003113e-01       5.00000000e-01       5.02622062e-01       5.00000000e-01       4.97610714e-01       5.00000000e-01       4.99784912e-01       5.00000000e-01
      5.05000000e-01       5.00012551e-01       5.00000000e-01       5.00019937e-01       5.00000000e-01       5.00003190e-01       5.00000000e-01       5.02666802e-01       5.00000000e-01       4.97574868e-01       5.00000000e-01       4.99776613e-01       5.00000000e-01
      5.10000000e-01       5.00013061e-01       5.00000000e-01       5.00020687e-01       5.00000000e-01       5.00003266e-01       5.00000000e-01       5.02711689e-01       5.00000000e-01       4.97539109e-01       5.00000000e-01       4.99768090e-01       5.00000000e-01
      5.15000000e-01       5.00013588e-01       5.00000000e-01       5.00021456e-01       5.00000000e-01       5.00003341e-01       5.00000000e-01       5.02756716e-01       5.00000000e-01       4.97503449e-01       5.00000000e-01       4.99759339e-01       5.00000000e-01
      5.20000000e-01       5.00014130e-01       5.00000000e-01       5.00022245e-01       5.00000000e-01       5.00003416e-01       5.00000000e-01       5.02801876e-01       5.00000000e-01       4.97467899e-01       5.00000000e-01       4.99750356e-01       5.00000000e-01
      5.25000000e-01       5.00014688e-01       5.00000000e-01       5.00023054e-01       5.00000000e-01       5.00003489e-01       5.00000000e-01       5.02847160e-01       5.00000000e-01       4.97432468e-01       5.00000000e-01       4.99741139e-01       5.00000000e-01
      5.30000000e-01       5.00015262e-01       5.00000000e-01       5.00023884e-01       5.00000000e-01       5.00003562e-01       5.00000000e-01       5.02892562e-01       5.00000000e-01       4.97397168e-01       5.00000000e-01       4.99731685e-01       5.00000000e-01
      5.35000000e-01       5.00015854e-01       5.00000000e-01       5.00024733e-01       5.00000000e-01       5.00003633e-01       5.00000000e-01       5.02938072e-01       5.00000000e-01       4.97362010e-01       5.00000000e-01       4.99721990e-01       5.00000000e-01
      5.40000000e-01       5.00016463e-01       5.00000000e-01       5.00025603e-01       5.00000000e-01       5.00003703e-01       5.00000000e-01       5.02983685e-01       5.00000000e-01       4.97327004e-01       5.00000000e-01       4.99712050e-01       5.00000000e-01
      5.45000000e-01       5.00017089e-01       5.00000000e-01       5.00026494e-01       5.00000000e-01       5.00003771e-01       5.00000000e-01       5.03029391e-01       5.00000000e-01       4.97292160e-01       5.00000000e-01       4.99701864e-01       5.00000000e-01
      5.50000000e-01       5.00017734e-01       5.00000000e-01       5.00027406e-01       5.00000000e-01       5.00003837e-01       5.00000000e-01       5.03075183e-01       5.00000000e-01       4.97257491e-01       5.00000000e-01       4.99691427e-01       5.00000000e-01
      5.55000000e-01       5.00018396e-01       5.00000000e-01       5.00028340e-01       5.00000000e-01       5.00003902e-01       5.00000000e-01       5.03121054e-01       5.00000000e-01       4.97223005e-01       5.00000000e-01       4.99680736e-01       5.00000000e-01
      5.60000000e-01       5.00019077e-01       5.00000000e-01       5.00029294e-01       5.00000000e-01       5.00003964e-01       5.00000000e-01       5.03166995e-01       5.00000000e-01       4.97188715e-01       5.00000000e-01       4.99669789e-01       5.00000000e-01
      5.65000000e-01       5.00019777e-01       5.00000000e-01       5.00030271e-01       5.00000000e-01       5.00004024e-01       5.00000000e-01       5.03213000e-01       5.00000000e-01       4.97154630e-01       5.00000000e-01       4.99658583e-01       5.00000000e-01
      5.70000000e-01       5.00020496e-01       5.00000000e-01       5.00031270e-01       5.00000000e-01       5.00004081e-01       5.00000000e-01       5.03259059e-01       5.00000000e-01       4.97120761e-01       5.00000000e-01       4.99647113e-01       5.00000000e-01
      5.75000000e-01       5.00021235e-01       5.00000000e-01       5.00032290e-01       5.00000000e-01       5.00004135e-01       5.00000000e-01       5.03305166e-01       5.00000000e-01       4.97087118e-01       5.00000000e-01       4.99635378e-01       5.00000000e-01
      5.80000000e-01       5.00021994e-01       5.00000000e-01       5.00033333e-01       5.00000000e-01       5.00004187e-01       5.00000000e-01       5.03351312e-01       5.00000000e-01       4.97053712e-01       5.00000000e-01       4.99623374e-01       5.00000000e-01
      5.85000000e-01       5.00022774e-01       5.00000000e-01       5.00034399e-01       5.00000000e-01       5.00004235e-01       5.00000000e-01       5.03397490e-01       5.00000000e-01       4.97020554e-01       5.00000000e-01       4.99611098e-01       5.00000000e-01
      5.90000000e-01       5.00023574e-01       5.00000000e-01       5.00035487e-01       5.00000000e-01       5.00004280e-01       5.00000000e-01       5.03443692e-01       5.00000000e-01       4.96987654e-01       5.00000000e-01       4.99598547e-01       5.00000000e-01
      5.95000000e-01       5.00024395e-01       5.00000000e-01       5.00036599e-01       5.00000000e-01       5.00004322e-01       5.00000000e-01       5.03489910e-01       5.00000000e-01       4.96955022e-01       5.00000000e-01       4.99585718e-01       5.00000000e-01
      6.00000000e-01       5.00025238e-01       5.00000000e-01       5.00037733e-01       5.00000000e-01       5.00004359e-01       5.00000000e-01       5.03536137e-01       5.00000000e-01       4.96922669e-01       5.00000000e-01       4.99572609e-01       5.00000000e-01
      6.05000000e-01       5.00026103e-01       5.00000000e-01       5.00038891e-01       5.00000000e-01       5.00004392e-01       5.00000000e-01       5.03582365e-01       5.00000000e-01       4.96890604e-01       5.00000000e-01       4.99559216e-01       5.00000000e-01
      6.10000000e-01       5.00026990e-01       5.00000000e-01       5.00040072e-01       5.00000000e-01       5.00004421e-01       5.00000000e-01       5.03628585e-01       5.00000000e-01       4.96858839e-01       5.00000000e-01       4.99545537e-01       5.00000000e-01
      6.15000000e-01       5.00027899e-01       5.00000000e-01       5.00041277e-01       5.00000000e-01       5.00004445e-01       5.00000000e-01       5.03674791e-01       5.00000000e-01       4.96827383e-01       5.00000000e-01       4.99531568e-01       5.00000000e-01
      6.20000000e-01       5.00028832e-01       5.00000000e-01       5.00042506e-01       5.00000000e-01       5.00004465e-01       5.00000000e-01       5.03720974e-01       5.00000000e-01       4.96796246e-01       5.00000000e-01       4.99517307e-01       5.00000000e-01
      6.25000000e-01       5.00029788e-01       5.00000000e-01       5.00043759e-01       5.00000000e-01       5.00004479e-01       5.00000000e-01       5.03767126e-01       5.00000000e-01       4.96765438e-01       5.00000000e-01       4.99502752e-01       5.00000000e-01
      6.30000000e-01       5.00030768e-01       5.00000000e-01       5.00045036e-01       5.00000000e-01       5.00004488e-01       5.00000000e-01       5.03813241e-01       5.00000000e-01       4.96734970e-01       5.00000000e-01       4.99487899e-01       5.00000000e-01
      6.35000000e-01       5.00031772e-01       5.00000000e-01       5.00046338e-01       5.00000000e-01       5.00004491e-01       5.00000000e-01       5.03859310e-01       5.00000000e-01       4.96704851e-01       5.00000000e-01       4.99472745e-01       5.00000000e-01
      6.40000000e-01       5.00032801e-01       5.00000000e-01       5.00047663e-01       5.00000000e-01       5.00004487e-01       5.00000000e-01       5.03905326e-01       5.00000000e-01       4.96675091e-01       5.00000000e-01       4.99457289e-01       5.00000000e-01
      6.45000000e-01       5.00033855e-01       5.00000000e-01       5.00049014e-01       5.00000000e-01       5.00004478e-01       5.00000000e-01       5.03951280e-01       5.00000000e-01       4.96645699e-01       5.00000000e-01       4.99441527e-01       5.00000000e-01
      6.50000000e-01       5.00034934e-01       5.00000000e-01       5.00050390e-01       5.00000000e-01       5.00004462e-01       5.00000000e-01       5.03997166e-01       5.00000000e-01       4.96616687e-01       5.00000000e-01       4.99425457e-01       5.00000000e-01
      6.55000000e-01       5.00036039e-01       5.00000000e-01       5.00051790e-01       5.00000000e-01       5.00004439e-01       5.00000000e-01       5.04042975e-01       5.00000000e-01       4.96588062e-01       5.00000000e-01       4.99409076e-01       5.00000000e-01
      6.60000000e-01       5.00037171e-01       5.00000000e-01       5.00053215e-01       5.00000000e-01       5.00004409e-01       5.00000000e-01       5.04088700e-01       5.00000000e-01       4.96559835e-01       5.00000000e-01       4.99392382e-01       5.00000000e-01
      6.65000000e-01       5.00038329e-01       5.00000000e-01       5.00054666e-01       5.00000000e-01       5.00004371e-01       5.00000000e-01       5.04134334e-01       5.00000000e-01       4.96532016e-01       5.00000000e-01       4.99375372e-01       5.00000000e-01
      6.70000000e-01       5.00039515e-01       5.00000000e-01       5.00056142e-01       5.00000000e-01       5.00004325e-01       5.00000000e-01       5.04179868e-01       5.00000000e-01       4.96504613e-01       5.00000000e-01       4.99358044e-01       5.00000000e-01
      6.75000000e-01       5.00040728e-01       5.00000000e-01       5.00057643e-01       5.00000000e-01       5.00004271e-01       5.00000000e-01       5.04225295e-01       5.00000000e-01       4.96477635e-01       5.00000000e-01       4.99340396e-01       5.00000000e-01
      6.80000000e-01       5.00041969e-01       5.00000000e-01       5.00059170e-01       5.00000000e-01       5.00004209e-01       5.00000000e-01       5.04270608e-01       5.00000000e-01       4.96451093e-01       5.00000000e-01       4.99322424e-01       5.00000000e-01
      6.85000000e-01       5.00043239e-01       5.00000000e-01       5.00060723e-01       5.00000000e-01       5.00004137e-01       5.00000000e-01       5.04315800e-01       5.00000000e-01       4.96424995e-01       5.00000000e-01       4.99304128e-01       5.00000000e-01
      6.90000000e-01       5.00044537e-01       5.00000000e-01       5.00062301e-01       5.00000000e-01       5.00004057e-01       5.00000000e-01       5.04360862e-01       5.00000000e-01       4.96399350e-01       5.00000000e-01       4.99285504e-01       5.00000000e-01
      6.95000000e-01       5.00045865e-01       5.00000000e-01       5.00063906e-01       5.00000000e-01       5.00003966e-01       5.00000000e-01       5.04405787e-01       5.00000000e-01       4.96374167e-01       5.00000000e-01       4.99266551e-01       5.00000000e-01
      7.00000000e-01       5.00047222e-01       5.00000000e-01       5.00065536e-01       5.00000000e-01       5.00003866e-01       5.00000000e-01       5.04450568e-01       5.00000000e-01       4.96349455e-01       5.00000000e-01       4.99247265e-01       5.00000000e-01
      7.05000000e-01       5.00048610e-01       5.00000000e-01       5.00067192e-01       5.00000000e-01       5.00003755e-01       5.00000000e-01       5.04495197e-01       5.00000000e-01       4.96325223e-01       5.00000000e-01       4.99227646e-01       5.00000000e-01
      7.10000000e-01       5.00050029e-01       5.00000000e-01       5.00068874e-01       5.00000000e-01       5.00003633e-01       5.00000000e-01       5.04539668e-01       5.00000000e-01       4.96301479e-01       5.00000000e-01       4.99207691e-01       5.00000000e-01
      7.15000000e-01       5.00051479e-01       5.00000000e-01       5.00070582e-01       5.00000000e-01       5.00003500e-01       5.00000000e-01       5.04583972e-01       5.00000000e-01       4.96278232e-01       5.00000000e-01       4.99187398e-01       5.00000000e-01
      7.20000000e-01       5.00052960e-01       5.00000000e-01       5.00072317e-01       5.00000000e-01       5.00003356e-01       5.00000000e-01       5.04628102e-01       5.00000000e-01       4.96255490e-01       5.00000000e-01       4.99166765e-01       5.00000000e-01
      7.25000000e-01       5.00054473e-01       5.00000000e-01       5.00074078e-01       5.00000000e-01       5.00003199e-01       5.00000000e-01       5.04672052e-01       5.00000000e-01       4.96233262e-01       5.00000000e-01       4.99145790e-01       5.00000000e-01
      7.30000000e-01       5.00056019e-01       5.00000000e-01       5.00075865e-01       5.00000000e-01       5.00003031e-01       5.00000000e-01       5.04715814e-01       5.00000000e-01       4.96211556e-01       5.00000000e-01       4.99124472e-01       5.00000000e-01
      7.35000000e-01       5.00057598e-01       5.00000000e-01       5.00077678e-01       5.00000000e-01       5.00002849e-01       5.00000000e-01       5.04759380e-01       5.00000000e-01       4.96190379e-01       5.00000000e-01       4.99102808e-01       5.00000000e-01
      7.40000000e-01       5.00059211e-01       5.00000000e-01       5.00079518e-01       5.00000000e-01       5.00002654e-01       5.00000000e-01       5.04802744e-01       5.00000000e-01       4.96169740e-01       5.00000000e-01       4.99080796e-01       5.00000000e-01
      7.45000000e-01       5.00060857e-01       5.00000000e-01       5.00081384e-01       5.00000000e-01       5.00002446e-01       5.00000000e-01       5.04845899e-01       5.00000000e-01       4.96149647e-01       5.00000000e-01       4.99058436e-01       5.00000000e-01
      7.50000000e-01       5.00062538e-01       5.00000000e-01       5.00083277e-01       5.00000000e-01       5.00002223e-01       5.00000000e-01       5.04888837e-01       5.00000000e-01       4.96130107e-01       5.00000000e-01       4.99035725e-01       5.00000000e-01
      7.55000000e-01       5.00064254e-01       5.00000000e-01       5.00085196e-01       5.00000000e-01       5.00001986e-01       5.00000000e-01       5.04931552e-01       5.00000000e-01       4.96111128e-01       5.00000000e-01       4.99012662e-01       5.00000000e-01
      7.60000000e-01       5.00066005e-01       5.00000000e-01       5.00087142e-01       5.00000000e-01       5.00001734e-01       5.00000000e-01       5.04974036e-01       5.00000000e-01       4.96092718e-01       5.00000000e-01       4.98989245e-01       5.00000000e-01
      7.65000000e-01       5.00067792e-01       5.00000000e-01       5.00089114e-01       5.00000000e-01       5.00001467e-01       5.00000000e-01       5.05016283e-01       5.00000000e-01       4.96074884e-01       5.00000000e-01       4.98965472e-01       5.00000000e-01
      7.70000000e-01       5.00069616e-01       5.00000000e-01       5.00091112e-01       5.00000000e-01       5.00001183e-01       5.00000000e-01       5.05058286e-01       5.00000000e-01       4.96057633e-01       5.00000000e-01       4.98941343e-01       5.00000000e-01
      7.75000000e-01       5.00071476e-01       5.00000000e-01       5.00093137e-01       5.00000000e-01       5.00000883e-01       5.00000000e-01       5.05100038e-01       5.00000000e-01       4.96040972e-01       5.00000000e-01       4.98916856e-01       5.00000000e-01
      7.80000000e-01       5.00073374e-01       5.00000000e-01       5.00095188e-01       5.00000000e-01       5.00000567e-01       5.00000000e-01       5.05141532e-01       5.00000000e-01       4.96024908e-01       5.00000000e-01       4.98892010e-01       5.00000000e-01
      7.85000000e-01       5.00075309e-01       5.00000000e-01       5.00097266e-01       5.00000000e-01       5.00000233e-01       5.00000000e-01       5.05182761e-01       5.00000000e-01       4.96009449e-01       5.00000000e-01       4.98866803e-01       5.00000000e-01
      7.90000000e-01       5.00077283e-01       5.00000000e-01       5.00099370e-01       5.00000000e-01       4.99999881e-01       5.00000000e-01       5.05223720e-01       5.00000000e-01       4.95994600e-01       5.00000000e-01       4.98841234e-01       5.00000000e-01
      7.95000000e-01       5.00079296e-01       5.00000000e-01       5.00101500e-01       5.00000000e-01       4.99999511e-01       5.00000000e-01       5.05264400e-01       5.00000000e-01       4.95980368e-01       5.00000000e-01       4.98815302e-01       5.00000000e-01
      8.00000000e-01       5.00081349e-01       5.00000000e-01       5.00103657e-01       5.00000000e-01       4.99999122e-01       5.00000000e-01       5.05304796e-01       5.00000000e-01       4.95966761e-01       5.00000000e-01       4.98789007e-01       5.00000000e-01
      8.05000000e-01       5.00083441e-01       5.00000000e-01       5.00105839e-01       5.00000000e-01       4.99998714e-01       5.00000000e-01       5.05344902e-01       5.00000000e-01       4.95953783e-01       5.00000000e-01       4.98762346e-01       5.00000000e-01
      8.10000000e-01       5.00085574e-01       5.00000000e-01       5.00108048e-01       5.00000000e-01       4.99998286e-01       5.00000000e-01       5.05384710e-01       5.00000000e-01       4.95941442e-01       5.00000000e-01       4.98735319e-01       5.00000000e-01
      8.15000000e-01       5.00087747e-01       5.00000000e-01       5.00110283e-01       5.00000000e-01       4.99997838e-01       5.00000000e-01       5.05424214e-01       5.00000000e-01       4.95929743e-01       5.00000000e-01       4.98707926e-01       5.00000000e-01
      8.20000000e-01       5.00089963e-01       5.00000000e-01       5.00112544e-01       5.00000000e-01       4.99997369e-01       5.00000000e-01       5.05463409e-01       5.00000000e-01       4.95918692e-01       5.00000000e-01       4.98680164e-01       5.00000000e-01
      8.25000000e-01       5.00092220e-01       5.00000000e-01       5.00114830e-01       5.00000000e-01       4.99996878e-01       5.00000000e-01       5.05502287e-01       5.00000000e-01       4.95908295e-01       5.00000000e-01       4.98652035e-01       5.00000000e-01
      8.30000000e-01       5.00094519e-01       5.00000000e-01       5.00117142e-01       5.00000000e-01       4.99996366e-01       5.00000000e-01       5.05540843e-01       5.00000000e-01       4.95898557e-01       5.00000000e-01       4.98623536e-01       5.00000000e-01
      8.35000000e-01       5.00096862e-01       5.00000000e-01       5.00119480e-01       5.00000000e-01       4.99995831e-01       5.00000000e-01       5.05579070e-01       5.00000000e-01       4.95889485e-01       5.00000000e-01       4.98594668e-01       5.00000000e-01
      8.40000000e-01       5.00099249e-01       5.00000000e-01       5.00121844e-01       5.00000000e-01       4.99995273e-01       5.00000000e-01       5.05616963e-01       5.00000000e-01       4.95881082e-01       5.00000000e-01       4.98565429e-01       5.00000000e-01
      8.45000000e-01       5.00101679e-01       5.00000000e-01       5.00124232e-01       5.00000000e-01       4.99994692e-01       5.00000000e-01       5.05654515e-01       5.00000000e-01       4.95873355e-01       5.00000000e-01       4.98535820e-01       5.00000000e-01
      8.50000000e-01       5.00104154e-01       5.00000000e-01       5.00126646e-01       5.00000000e-01       4.99994086e-01       5.00000000e-01       5.05691721e-01       5.00000000e-01       4.95866308e-01       5.00000000e-01       4.98505839e-01       5.00000000e-01
      8.55000000e-01       5.00106675e-01       5.00000000e-01       5.00129086e-01       5.00000000e-01       4.99993456e-01       5.00000000e-01       5.05728574e-01       5.00000000e-01       4.95859946e-01       5.00000000e-01       4.98475487e-01       5.00000000e-01
      8.60000000e-01       5.00109241e-01       5.00000000e-01       5.00131550e-01       5.00000000e-01       4.99992801e-01       5.00000000e-01       5.05765069e-01       5.00000000e-01       4.95854274e-01       5.00000000e-01       4.98444764e-01       5.00000000e-01
      8.65000000e-01       5.00111853e-01       5.00000000e-01       5.00134039e-01       5.00000000e-01       4.99992119e-01       5.00000000e-01       5.05801200e-01       5.00000000e-01       4.95849296e-01       5.00000000e-01       4.98413668e-01       5.00000000e-01
      8.70000000e-01       5.00114512e-01       5.00000000e-01       5.00136552e-01       5.00000000e-01       4.99991412e-01       5.00000000e-01       5.05836962e-01       5.00000000e-01       4.95845017e-01       5.00000000e-01       4.98382200e-01       5.00000000e-01
      8.75000000e-01       5.00117219e-01       5.00000000e-01       5.00139090e-01       5.00000000e-01       4.99990677e-01       5.00000000e-01       5.05872348e-01       5.00000000e-01       4.95841440e-01       5.00000000e-01       4.98350360e-01       5.00000000e-01
      8.80000000e-01       5.00119974e-01       5.00000000e-01       5.00141652e-01       5.00000000e-01       4.99989915e-01       5.00000000e-01       5.05907354e-01       5.00000000e-01       4.95838570e-01       5.00000000e-01       4.98318147e-01       5.00000000e-01
      8.85000000e-01       5.00122777e-01       5.00000000e-01       5.00144239e-01       5.00000000e-01       4.99989125e-01       5.00000000e-01       5.05941973e-01       5.00000000e-01       4.95836411e-01       5.00000000e-01       4.98285562e-01       5.00000000e-01
      8.90000000e-01       5.00125629e-01       5.00000000e-01       5.00146849e-01       5.00000000e-01       4.99988306e-01       5.00000000e-01       5.05976201e-01       5.00000000e-01       4.95834966e-01       5.00000000e-01       4.98252605e-01       5.00000000e-01
      8.95000000e-01       5.00128530e-01       5.00000000e-01       5.00149483e-01       5.00000000e-01       4.99987458e-01       5.00000000e-01       5.06010032e-01       5.00000000e-01       4.95834239e-01       5.00000000e-01       4.98219277e-01       5.00000000e-01
      9.00000000e-01       5.00131482e-01       5.00000000e-01       5.00152140e-01       5.00000000e-01       4.99986580e-01       5.00000000e-01       5.06043460e-01       5.00000000e-01       4.95834233e-01       5.00000000e-01       4.98185576e-01       5.00000000e-01
      9.05000000e-01       5.00134485e-01       5.00000000e-01       5.00154821e-01       5.00000000e-01       4.99985671e-01       5.00000000e-01       5.06076482e-01       5.00000000e-01       4.95834951e-01       5.00000000e-01       4.98151505e-01       5.00000000e-01
      9.10000000e-01       5.00137539e-01       5.00000000e-01       5.00157524e-01       5.00000000e-01       4.99984731e-01       5.00000000e-01       5.06109091e-01       5.00000000e-01       4.95836397e-01       5.00000000e-01       4.98117062e-01       5.00000000e-01
      9.15000000e-01       5.00140645e-01       5.00000000e-01       5.00160250e-01       5.00000000e-01       4.99983759e-01       5.00000000e-01       5.06141283e-01       5.00000000e-01       4.95838573e-01       5.00000000e-01       4.98082250e-01       5.00000000e-01
      9.20000000e-01       5.00143803e-01       5.00000000e-01       5.00162999e-01       5.00000000e-01       4.99982756e-01       5.00000000e-01       5.06173053e-01       5.00000000e-01       4.95841482e-01       5.00000000e-01       4.98047067e-01       5.00000000e-01
      9.25000000e-01       5.00147014e-01       5.00000000e-01       5.00165770e-01       5.00000000e-01       4.99981719e-01       5.00000000e-01       5.06204396e-01       5.00000000e-01       4.95845126e-01       5.00000000e-01       4.98011515e-01       5.00000000e-01
      9.30000000e-01       5.00150279e-01       5.00000000e-01       5.00168563e-01       5.00000000e-01       4.99980648e-01       5.00000000e-01       5.06235307e-01       5.00000000e-01       4.95849508e-01       5.00000000e-01       4.97975595e-01       5.00000000e-01
      9.35000000e-01       5.00153598e-01       5.00000000e-01       5.00171377e-01       5.00000000e-01       4.99979543e-01       5.00000000e-01       5.06265782e-01       5.00000000e-01       4.95854630e-01       5.00000000e-01       4.97939307e-01       5.00000000e-01
      9.40000000e-01       5.00156972e-01       5.00000000e-01       5.00174213e-01       5.00000000e-01       4.99978403e-01       5.00000000e-01       5.06295815e-01       5.00000000e-01       4.95860494e-01       5.00000000e-01       4.97902652e-01       5.00000000e-01
      9.45000000e-01       5.00160401e-01       5.00000000e-01       5.00177070e-01       5.00000000e-01       4.99977228e-01       5.00000000e-01       5.06325403e-01       5.00000000e-01       4.95867102e-01       5.00000000e-01       4.97865631e-01       5.00000000e-01
      9.50000000e-01       5.00163886e-01       5.00000000e-01       5.00179948e-01       5.00000000e-01       4.99976016e-01       5.00000000e-01       5.06354541e-01       5.00000000e-01       4.95874455e-01       5.00000000e-01       4.97828245e-01       5.00000000e-01
      9.55000000e-01       5.00167428e-01       5.00000000e-01       5.00182847e-01       5.00000000e-01       4.99974768e-01       5.00000000e-01       5.06383225e-01       5.00000000e-01       4.95882555e-01       5.00000000e-01       4.97790495e-01       5.00000000e-01
      9.60000000e-01       5.00171026e-01       5.00000000e-01       5.00185765e-01       5.00000000e-01       4.99973482e-01       5.00000000e-01       5.06411450e-01       5.00000000e-01       4.95891404e-01       5.00000000e-01       4.97752383e-01       5.00000000e-01
      9.65000000e-01       5.00174683e-01       5.00000000e-01       5.00188703e-01       5.00000000e-01       4.99972159e-01       5.00000000e-01       5.06439212e-01       5.00000000e-01       4.95901001e-01       5.00000000e-01       4.97713909e-01       5.00000000e-01
      9.70000000e-01       5.00178397e-01       5.00000000e-01       5.00191661e-01       5.00000000e-01       4.99970796e-01       5.00000000e-01       5.06466508e-01       5.00000000e-01       4.95911349e-01       5.00000000e-01       4.97675074e-01       5.00000000e-01
      9.75000000e-01       5.00182170e-01       5.00000000e-01       5.00194638e-01       5.00000000e-01       4.99969394e-01       5.00000000e-01       5.06493332e-01       5.00000000e-01       4.95922448e-01       5.00000000e-01       4.97635881e-01       5.00000000e-01
      9.80000000e-01       5.00186003e-01       5.00000000e-01       5.00197633e-01       5.00000000e-01       4.99967952e-01       5.00000000e-01       5.06519682e-01       5.00000000e-01       4.95934298e-01       5.00000000e-01       4.97596330e-01       5.00000000e-01
      9.85000000e-01       5.00189896e-01       5.00000000e-01       5.00200647e-01       5.00000000e-01       4.99966469e-01       5.00000000e-01       5.06545554e-01       5.00000000e-01       4.95946901e-01       5.00000000e-01       4.97556423e-01       5.00000000e-01
      9.90000000e-01       5.00193849e-01       5.00000000e-01       5.00203679e-01       5.00000000e-01       4.99964945e-01       5.00000000e-01       5.06570943e-01       5.00000000e-01       4.95960255e-01       5.00000000e-01       4.97516162e-01       5.00000000e-01
      9.95000000e-01       5.00197863e-01       5.00000000e-01       5.00206729e-01       5.00000000e-01       4.99963378e-01       5.00000000e-01       5.06595846e-01       5.00000000e-01       4.95974362e-01       5.00000000e-01       4.97475548e-01       5.00000000e-01
      1.00000000e+00       5.00201940e-01       5.00000000e-01       5.00209795e-01       5.00000000e-01       4.99961769e-01       5.00000000e-01       5.06620260e-01       5.00000000e-01       4.95989221e-01       5.00000000e-01       4.97434583e-01       5.00000000e-01
