0.005 	 [0.0, 0.0, 0.0, 0.0, 0.0, 0.0] 
0.01 	 [0.0, 0.0, 0.0, 0.0, 0.0, 0.0] 
0.015000000000000001 	 [0.0, 0.0, 0.0, 0.0, 0.0, 0.0] 
0.02 	 [0.0, 0.0, 0.0, 0.0, 0.0, 0.0] 
0.025 	 [0.0, 0.0, 0.0, 0.0, 0.0, 0.0] 
0.030000000000000002 	 [0.0, 0.0, 0.0, 0.0, 0.0, 0.0] 
0.035 	 [0.0, 0.0, 0.0, 0.0, 0.0, 0.0] 
0.04 	 [0.0, 0.0, 0.0, 0.0, 0.0, 0.0] 
0.045000000000000005 	 [0.0, 0.0, 0.0, 0.0, 0.0, 0.0] 
0.05 	 [0.0, 0.0, 0.0, 0.0, 0.0, 0.0] 
0.055 	 [0.0, 0.0, 0.0, 0.0, 0.0, 0.0] 
0.060000000000000005 	 [0.0, 0.0, 0.0, 0.0, 0.0, 0.0] 
0.065 	 [0.0, 0.0, 0.0, 0.0, 0.0, 0.0] 
0.07 	 [0.0, 0.0, 0.0, 0.0, 0.0, 0.0] 
0.075 	 [0.0, 0.0, 0.0, 0.0, 0.0, 0.0] 
0.08 	 [0.0, 0.0, 0.0, 0.0, 0.0, 0.0] 
0.085 	 [0.0, 0.0, 0.0, 0.0, 0.0, 0.0] 
0.09000000000000001 	 [0.0, 0.0, 0.0, 0.0, 0.0, 0.0] 
0.095 	 [0.0, 0.0, 0.0, 0.0, 0.0, 0.0] 
0.1 	 [0.0, 0.0, 0.0, 0.0, 0.0, 0.0] 
0.10500000000000001 	 [0.0, 0.0, 0.0, 0.0, 0.0, 0.0] 
0.11 	 [0.0, 0.0, 0.0, 0.0, 0.0, 0.0] 
0.115 	 [0.0, 0.0, 0.0, 0.0, 0.0, 0.0] 
0.12000000000000001 	 [0.0, 0.0, 0.0, 0.0, 0.0, 0.0] 
0.125 	 [0.0, 0.0, 0.0, 0.0, 0.0, 0.0] 
0.13 	 [0.0, 0.0, 0.0, 0.0, 0.0, 0.0] 
0.135 	 [0.0, 0.0, 0.0, 0.0, 0.0, 0.0] 
0.14 	 [0.0, 0.0, 0.0, 0.0, 0.0, 0.0] 
0.14500000000000002 	 [0.0, 0.0, 0.0, 0.0, 0.0, 0.0] 
0.15 	 [0.0, 0.0, 0.0, 0.0, 0.0, 0.0] 
0.155 	 [0.0, 0.0, 0.0, 0.0, 0.0, 0.0] 
0.16 	 [0.0, 0.0, 0.0, 0.0, 0.0, 0.0] 
0.165 	 [0.0, 0.0, 0.0, 0.0, 0.0, 0.0] 
0.17 	 [0.0, 0.0, 0.0, 0.0, 0.0, 0.0] 
0.17500000000000002 	 [0.0, 0.0, 0.0, 0.0, 0.0, 0.0] 
0.18000000000000002 	 [0.0, 0.0, 0.0, 0.0, 0.0, 0.0] 
0.185 	 [0.0, 0.0, 0.0, 0.0, 0.0, 0.0] 
0.19 	 [0.0, 0.0, 0.0, 0.0, 0.0, 0.0] 
0.195 	 [0.0, 0.0, 0.0, 0.0, 0.0, 0.0] 
0.2 	 [0.0, 0.0, 0.0, 0.0, 0.0, 0.0] 
0.20500000000000002 	 [0.0, 0.0, 0.0, 0.0, 0.0, 0.0] 
0.21000000000000002 	 [0.0, 0.0, 0.0, 0.0, 0.0, 0.0] 
0.215 	 [0.0, 0.0, 0.0, 0.0, 0.0, 0.0] 
0.22 	 [0.0, 0.0, 0.0, 0.0, 0.0, 0.0] 
0.225 	 [0.0, 0.0, 0.0, 0.0, 0.0, 0.0] 
0.23 	 [0.0, 0.0, 0.0, 0.0, 0.0, 0.0] 
0.23500000000000001 	 [0.0, 0.0, 0.0, 0.0, 0.0, 0.0] 
0.24000000000000002 	 [0.0, 0.0, 0.0, 0.0, 0.0, 0.0] 
0.24500000000000002 	 [0.0, 0.0, 0.0, 0.0, 0.0, 0.0] 
0.25 	 [0.0, 0.0, 0.0, 0.0, 0.0, 0.0] 
0.255 	 [0.0, 0.0, 0.0, 0.0, 0.0, 0.0] 
0.26 	 [0.0, 0.0, 0.0, 0.0, 0.0, 0.0] 
0.265 	 [0.0, 0.0, 0.0, 0.0, 0.0, 0.0] 
0.27 	 [0.0, 0.0, 0.0, 0.0, 0.0, 0.0] 
0.275 	 [0.0, 0.0, 0.0, 0.0, 0.0, 0.0] 
0.28 	 [0.0, 0.0, 0.0, 0.0, 0.0, 0.0] 
0.28500000000000003 	 [0.0, 0.0, 0.0, 0.0, 0.0, 0.0] 
0.29000000000000004 	 [0.0, 0.0, 0.0, 0.0, 0.0, 0.0] 
0.29500000000000004 	 [0.0, 0.0, 0.0, 0.0, 0.0, 0.0] 
0.3 	 [0.0, 0.0, 0.0, 0.0, 0.0, 0.0] 
0.305 	 [0.0, 0.0, 0.0, 0.0, 0.0, 0.0] 
0.31 	 [0.0, 0.0, 0.0, 0.0, 0.0, 0.0] 
0.315 	 [0.0, 0.0, 0.0, 0.0, 0.0, 0.0] 
0.32 	 [0.0, 0.0, 0.0, 0.0, 0.0, 0.0] 
0.325 	 [0.0, 0.0, 0.0, 0.0, 0.0, 0.0] 
0.33 	 [0.0, 0.0, 0.0, 0.0, 0.0, 0.0] 
0.335 	 [0.0, 0.0, 0.0, 0.0, 0.0, 0.0] 
0.34 	 [0.0, 0.0, 0.0, 0.0, 0.0, 0.0] 
0.34500000000000003 	 [0.0, 0.0, 0.0, 0.0, 0.0, 0.0] 
0.35000000000000003 	 [0.0, 0.0, 0.0, 0.0, 0.0, 0.0] 
0.35500000000000004 	 [0.0, 0.0, 0.0, 0.0, 0.0, 0.0] 
0.36000000000000004 	 [0.0, 0.0, 0.0, 0.0, 0.0, 0.0] 
0.365 	 [0.0, 0.0, 0.0, 0.0, 0.0, 0.0] 
0.37 	 [0.0, 0.0, 0.0, 0.0, 0.0, 0.0] 
0.375 	 [0.0, 0.0, 0.0, 0.0, 0.0, 0.0] 
0.38 	 [0.0, 0.0, 0.0, 0.0, 0.0, 0.0] 
0.385 	 [0.0, 0.0, 0.0, 0.0, 0.0, 0.0] 
0.39 	 [0.0, 0.0, 0.0, 0.0, 0.0, 0.0] 
0.395 	 [0.0, 0.0, 0.0, 0.0, 0.0, 0.0] 
0.4 	 [0.0, 0.0, 0.0, 0.0, 0.0, 0.0] 
0.405 	 [0.0, 0.0, 0.0, 0.0, 0.0, 0.0] 
0.41000000000000003 	 [0.0, 0.0, 0.0, 0.0, 0.0, 0.0] 
0.41500000000000004 	 [0.0, 0.0, 0.0, 0.0, 0.0, 0.0] 
0.42000000000000004 	 [0.0, 0.0, 0.0, 0.0, 0.0, 0.0] 
0.42500000000000004 	 [0.0, 0.0, 0.0, 0.0, 0.0, 0.0] 
0.43 	 [0.0, 0.0, 0.0, 0.0, 0.0, 0.0] 
0.435 	 [0.0, 0.0, 0.0, 0.0, 0.0, 0.0] 
0.44 	 [0.0, 0.0, 0.0, 0.0, 0.0, 0.0] 
0.445 	 [0.0, 0.0, 0.0, 0.0, 0.0, 0.0] 
0.45 	 [0.0, 0.0, 0.0, 0.0, 0.0, 0.0] 
0.455 	 [0.0, 0.0, 0.0, 0.0, 0.0, 0.0] 
0.46 	 [0.0, 0.0, 0.0, 0.0, 0.0, 0.0] 
0.465 	 [0.0, 0.0, 0.0, 0.0, 0.0, 0.0] 
0.47000000000000003 	 [0.0, 0.0, 0.0, 0.0, 0.0, 0.0] 
0.47500000000000003 	 [0.0, 0.0, 0.0, 0.0, 0.0, 0.0] 
0.48000000000000004 	 [0.0, 0.0, 0.0, 0.0, 0.0, 0.0] 
0.48500000000000004 	 [0.0, 0.0, 0.0, 0.0, 0.0, 0.0] 
0.49000000000000005 	 [0.0, 0.0, 0.0, 0.0, 0.0, 0.0] 
0.49500000000000005 	 [0.0, 0.0, 0.0, 0.0, 0.0, 0.0] 
0.5 	 [0.0, 0.0, 0.0, 0.0, 0.0, 0.0] 
0.505 	 [0.0, 0.0, 0.0, 0.0, 0.0, 0.0] 
0.51 	 [0.0, 0.0, 0.0, 0.0, 0.0, 0.0] 
0.515 	 [0.0, 0.0, 0.0, 0.0, 0.0, 0.0] 
0.52 	 [0.0, 0.0, 0.0, 0.0, 0.0, 0.0] 
0.525 	 [0.0, 0.0, 0.0, 0.0, 0.0, 0.0] 
0.53 	 [0.0, 0.0, 0.0, 0.0, 0.0, 0.0] 
0.535 	 [0.0, 0.0, 0.0, 0.0, 0.0, 0.0] 
0.54 	 [0.0, 0.0, 0.0, 0.0, 0.0, 0.0] 
0.545 	 [0.0, 0.0, 0.0, 0.0, 0.0, 0.0] 
0.55 	 [0.0, 0.0, 0.0, 0.0, 0.0, 0.0] 
0.555 	 [0.0, 0.0, 0.0, 0.0, 0.0, 0.0] 
0.56 	 [0.0, 0.0, 0.0, 0.0, 0.0, 0.0] 
0.5650000000000001 	 [0.0, 0.0, 0.0, 0.0, 0.0, 0.0] 
0.5700000000000001 	 [0.0, 0.0, 0.0, 0.0, 0.0, 0.0] 
0.5750000000000001 	 [0.0, 0.0, 0.0, 0.0, 0.0, 0.0] 
0.5800000000000001 	 [0.0, 0.0, 0.0, 0.0, 0.0, 0.0] 
0.5850000000000001 	 [0.0, 0.0, 0.0, 0.0, 0.0, 0.0] 
0.5900000000000001 	 [0.0, 0.0, 0.0, 0.0, 0.0, 0.0] 
0.595 	 [0.0, 0.0, 0.0, 0.0, 0.0, 0.0] 
0.6 	 [0.0, 0.0, 0.0, 0.0, 0.0, 0.0] 
0.605 	 [0.0, 0.0, 0.0, 0.0, 0.0, 0.0] 
0.61 	 [0.0, 0.0, 0.0, 0.0, 0.0, 0.0] 
0.615 	 [0.0, 0.0, 0.0, 0.0, 0.0, 0.0] 
0.62 	 [0.0, 0.0, 0.0, 0.0, 0.0, 0.0] 
0.625 	 [0.0, 0.0, 0.0, 0.0, 0.0, 0.0] 
0.63 	 [0.0, 0.0, 0.0, 0.0, 0.0, 0.0] 
0.635 	 [0.0, 0.0, 0.0, 0.0, 0.0, 0.0] 
0.64 	 [0.0, 0.0, 0.0, 0.0, 0.0, 0.0] 
0.645 	 [0.0, 0.0, 0.0, 0.0, 0.0, 0.0] 
0.65 	 [0.0, 0.0, 0.0, 0.0, 0.0, 0.0] 
0.655 	 [0.0, 0.0, 0.0, 0.0, 0.0, 0.0] 
0.66 	 [0.0, 0.0, 0.0, 0.0, 0.0, 0.0] 
0.665 	 [0.0, 0.0, 0.0, 0.0, 0.0, 0.0] 
0.67 	 [0.0, 0.0, 0.0, 0.0, 0.0, 0.0] 
0.675 	 [0.0, 0.0, 0.0, 0.0, 0.0, 0.0] 
0.68 	 [0.0, 0.0, 0.0, 0.0, 0.0, 0.0] 
0.685 	 [0.0, 0.0, 0.0, 0.0, 0.0, 0.0] 
0.6900000000000001 	 [0.0, 0.0, 0.0, 0.0, 0.0, 0.0] 
0.6950000000000001 	 [0.0, 0.0, 0.0, 0.0, 0.0, 0.0] 
0.7000000000000001 	 [0.0, 0.0, 0.0, 0.0, 0.0, 0.0] 
0.7050000000000001 	 [0.0, 0.0, 0.0, 0.0, 0.0, 0.0] 
0.7100000000000001 	 [0.0, 0.0, 0.0, 0.0, 0.0, 0.0] 
0.7150000000000001 	 [0.0, 0.0, 0.0, 0.0, 0.0, 0.0] 
0.7200000000000001 	 [0.0, 0.0, 0.0, 0.0, 0.0, 0.0] 
0.7250000000000001 	 [0.0, 0.0, 0.0, 0.0, 0.0, 0.0] 
0.73 	 [0.0, 0.0, 0.0, 0.0, 0.0, 0.0] 
0.735 	 [0.0, 0.0, 0.0, 0.0, 0.0, 0.0] 
0.74 	 [0.0, 0.0, 0.0, 0.0, 0.0, 0.0] 
0.745 	 [0.0, 0.0, 0.0, 0.0, 0.0, 0.0] 
0.75 	 [0.0, 0.0, 0.0, 0.0, 0.0, 0.0] 
0.755 	 [0.0, 0.0, 0.0, 0.0, 0.0, 0.0] 
0.76 	 [0.0, 0.0, 0.0, 0.0, 0.0, 0.0] 
0.765 	 [0.0, 0.0, 0.0, 0.0, 0.0, 0.0] 
0.77 	 [0.0, 0.0, 0.0, 0.0, 0.0, 0.0] 
0.775 	 [0.0, 0.0, 0.0, 0.0, 0.0, 0.0] 
0.78 	 [0.0, 0.0, 0.0, 0.0, 0.0, 0.0] 
0.785 	 [0.0, 0.0, 0.0, 0.0, 0.0, 0.0] 
0.79 	 [0.0, 0.0, 0.0, 0.0, 0.0, 0.0] 
0.795 	 [0.0, 0.0, 0.0, 0.0, 0.0, 0.0] 
0.8 	 [0.0, 0.0, 0.0, 0.0, 0.0, 0.0] 
0.805 	 [0.0, 0.0, 0.0, 0.0, 0.0, 0.0] 
0.81 	 [0.0, 0.0, 0.0, 0.0, 0.0, 0.0] 
0.8150000000000001 	 [0.0, 0.0, 0.0, 0.0, 0.0, 0.0] 
0.8200000000000001 	 [0.0, 0.0, 0.0, 0.0, 0.0, 0.0] 
0.8250000000000001 	 [0.0, 0.0, 0.0, 0.0, 0.0, 0.0] 
0.8300000000000001 	 [0.0, 0.0, 0.0, 0.0, 0.0, 0.0] 
0.8350000000000001 	 [0.0, 0.0, 0.0, 0.0, 0.0, 0.0] 
0.8400000000000001 	 [0.0, 0.0, 0.0, 0.0, 0.0, 0.0] 
0.8450000000000001 	 [0.0, 0.0, 0.0, 0.0, 0.0, 0.0] 
0.8500000000000001 	 [0.0, 0.0, 0.0, 0.0, 0.0, 0.0] 
0.8550000000000001 	 [0.0, 0.0, 0.0, 0.0, 0.0, 0.0] 
0.86 	 [0.0, 0.0, 0.0, 0.0, 0.0, 0.0] 
0.865 	 [0.0, 0.0, 0.0, 0.0, 0.0, 0.0] 
0.87 	 [0.0, 0.0, 0.0, 0.0, 0.0, 0.0] 
0.875 	 [0.0, 0.0, 0.0, 0.0, 0.0, 0.0] 
0.88 	 [0.0, 0.0, 0.0, 0.0, 0.0, 0.0] 
0.885 	 [0.0, 0.0, 0.0, 0.0, 0.0, 0.0] 
0.89 	 [0.0, 0.0, 0.0, 0.0, 0.0, 0.0] 
0.895 	 [0.0, 0.0, 0.0, 0.0, 0.0, 0.0] 
0.9 	 [0.0, 0.0, 0.0, 0.0, 0.0, 0.0] 
0.905 	 [0.0, 0.0, 0.0, 0.0, 0.0, 0.0] 
0.91 	 [0.0, 0.0, 0.0, 0.0, 0.0, 0.0] 
0.915 	 [0.0, 0.0, 0.0, 0.0, 0.0, 0.0] 
0.92 	 [0.0, 0.0, 0.0, 0.0, 0.0, 0.0] 
0.925 	 [0.0, 0.0, 0.0, 0.0, 0.0, 0.0] 
0.93 	 [0.0, 0.0, 0.0, 0.0, 0.0, 0.0] 
0.935 	 [0.0, 0.0, 0.0, 0.0, 0.0, 0.0] 
0.9400000000000001 	 [0.0, 0.0, 0.0, 0.0, 0.0, 0.0] 
0.9450000000000001 	 [0.0, 0.0, 0.0, 0.0, 0.0, 0.0] 
0.9500000000000001 	 [0.0, 0.0, 0.0, 0.0, 0.0, 0.0] 
0.9550000000000001 	 [0.0, 0.0, 0.0, 0.0, 0.0, 0.0] 
0.9600000000000001 	 [0.0, 0.0, 0.0, 0.0, 0.0, 0.0] 
0.9650000000000001 	 [0.0, 0.0, 0.0, 0.0, 0.0, 0.0] 
0.9700000000000001 	 [0.0, 0.0, 0.0, 0.0, 0.0, 0.0] 
0.9750000000000001 	 [0.0, 0.0, 0.0, 0.0, 0.0, 0.0] 
0.9800000000000001 	 [0.0, 0.0, 0.0, 0.0, 0.0, 0.0] 
0.9850000000000001 	 [0.0, 0.0, 0.0, 0.0, 0.0, 0.0] 
0.9900000000000001 	 [0.0, 0.0, 0.0, 0.0, 0.0, 0.0] 
0.995 	 [0.0, 0.0, 0.0, 0.0, 0.0, 0.0] 
1.0 	 [0.0, 0.0, 0.0, 0.0, 0.0, 0.0] 
