      0.00000000e+00       5.49751860e-01       5.49751860e-01       4.50248140e-01       4.50248140e-01
      1.00000000e-02       5.49756091e-01       5.49756091e-01       4.50243909e-01       4.50243909e-01
      2.00000000e-02       5.49768783e-01       5.49768783e-01       4.50231217e-01       4.50231217e-01
      3.00000000e-02       5.49789929e-01       5.49789929e-01       4.50210071e-01       4.50210071e-01
      4.00000000e-02       5.49819522e-01       5.49819522e-01       4.50180478e-01       4.50180478e-01
      5.00000000e-02       5.49857547e-01       5.49857547e-01       4.50142453e-01       4.50142453e-01
      6.00000000e-02       5.49903989e-01       5.49903989e-01       4.50096011e-01       4.50096011e-01
      7.00000000e-02       5.49958826e-01       5.49958826e-01       4.50041174e-01       4.50041174e-01
      8.00000000e-02       5.50022035e-01       5.50022035e-01       4.49977965e-01       4.49977965e-01
      9.00000000e-02       5.50093589e-01       5.50093589e-01       4.49906411e-01       4.49906411e-01
      1.00000000e-01       5.50173454e-01       5.50173454e-01       4.49826546e-01       4.49826546e-01
      1.10000000e-01       5.50261598e-01       5.50261598e-01       4.49738402e-01       4.49738402e-01
      1.20000000e-01       5.50357981e-01       5.50357981e-01       4.49642019e-01       4.49642019e-01
      1.30000000e-01       5.50462561e-01       5.50462561e-01       4.49537439e-01       4.49537439e-01
      1.40000000e-01       5.50575291e-01       5.50575291e-01       4.49424709e-01       4.49424709e-01
      1.50000000e-01       5.50696124e-01       5.50696124e-01       4.49303876e-01       4.49303876e-01
      1.60000000e-01       5.50825006e-01       5.50825006e-01       4.49174994e-01       4.49174994e-01
      1.70000000e-01       5.50961880e-01       5.50961880e-01       4.49038120e-01       4.49038120e-01
      1.80000000e-01       5.51106686e-01       5.51106686e-01       4.48893314e-01       4.48893314e-01
      1.90000000e-01       5.51259362e-01       5.51259362e-01       4.48740638e-01       4.48740638e-01
      2.00000000e-01       5.51419840e-01       5.51419840e-01       4.48580160e-01       4.48580160e-01
      2.10000000e-01       5.51588051e-01       5.51588051e-01       4.48411949e-01       4.48411949e-01
      2.20000000e-01       5.51763920e-01       5.51763920e-01       4.48236080e-01       4.48236080e-01
      2.30000000e-01       5.51947371e-01       5.51947371e-01       4.48052629e-01       4.48052629e-01
      2.40000000e-01       5.52138324e-01       5.52138324e-01       4.47861676e-01       4.47861676e-01
      2.50000000e-01       5.52336694e-01       5.52336694e-01       4.47663306e-01       4.47663306e-01
      2.60000000e-01       5.52542397e-01       5.52542397e-01       4.47457603e-01       4.47457603e-01
      2.70000000e-01       5.52755340e-01       5.52755340e-01       4.47244660e-01       4.47244660e-01
      2.80000000e-01       5.52975433e-01       5.52975433e-01       4.47024567e-01       4.47024567e-01
      2.90000000e-01       5.53202577e-01       5.53202577e-01       4.46797423e-01       4.46797423e-01
      3.00000000e-01       5.53436675e-01       5.53436675e-01       4.46563325e-01       4.46563325e-01
      3.10000000e-01       5.53677625e-01       5.53677625e-01       4.46322375e-01       4.46322375e-01
      3.20000000e-01       5.53925320e-01       5.53925320e-01       4.46074680e-01       4.46074680e-01
      3.30000000e-01       5.54179653e-01       5.54179653e-01       4.45820347e-01       4.45820347e-01
      3.40000000e-01       5.54440514e-01       5.54440514e-01       4.45559486e-01       4.45559486e-01
      3.50000000e-01       5.54707788e-01       5.54707788e-01       4.45292212e-01       4.45292212e-01
      3.60000000e-01       5.54981359e-01       5.54981359e-01       4.45018641e-01       4.45018641e-01
      3.70000000e-01       5.55261107e-01       5.55261107e-01       4.44738893e-01       4.44738893e-01
      3.80000000e-01       5.55546911e-01       5.55546911e-01       4.44453089e-01       4.44453089e-01
      3.90000000e-01       5.55838647e-01       5.55838647e-01       4.44161353e-01       4.44161353e-01
      4.00000000e-01       5.56136188e-01       5.56136188e-01       4.43863812e-01       4.43863812e-01
      4.10000000e-01       5.56439403e-01       5.56439403e-01       4.43560597e-01       4.43560597e-01
      4.20000000e-01       5.56748162e-01       5.56748162e-01       4.43251838e-01       4.43251838e-01
      4.30000000e-01       5.57062330e-01       5.57062330e-01       4.42937670e-01       4.42937670e-01
      4.40000000e-01       5.57381770e-01       5.57381770e-01       4.42618230e-01       4.42618230e-01
      4.50000000e-01       5.57706344e-01       5.57706344e-01       4.42293656e-01       4.42293656e-01
      4.60000000e-01       5.58035910e-01       5.58035910e-01       4.41964090e-01       4.41964090e-01
      4.70000000e-01       5.58370327e-01       5.58370327e-01       4.41629673e-01       4.41629673e-01
      4.80000000e-01       5.58709447e-01       5.58709447e-01       4.41290553e-01       4.41290553e-01
      4.90000000e-01       5.59053126e-01       5.59053126e-01       4.40946874e-01       4.40946874e-01
      5.00000000e-01       5.59401212e-01       5.59401212e-01       4.40598788e-01       4.40598788e-01
      5.10000000e-01       5.59753556e-01       5.59753556e-01       4.40246444e-01       4.40246444e-01
      5.20000000e-01       5.60110005e-01       5.60110005e-01       4.39889995e-01       4.39889995e-01
      5.30000000e-01       5.60470405e-01       5.60470405e-01       4.39529595e-01       4.39529595e-01
      5.40000000e-01       5.60834599e-01       5.60834599e-01       4.39165401e-01       4.39165401e-01
      5.50000000e-01       5.61202431e-01       5.61202431e-01       4.38797569e-01       4.38797569e-01
      5.60000000e-01       5.61573740e-01       5.61573740e-01       4.38426260e-01       4.38426260e-01
      5.70000000e-01       5.61948366e-01       5.61948366e-01       4.38051634e-01       4.38051634e-01
      5.80000000e-01       5.62326149e-01       5.62326149e-01       4.37673851e-01       4.37673851e-01
      5.90000000e-01       5.62706923e-01       5.62706923e-01       4.37293077e-01       4.37293077e-01
      6.00000000e-01       5.63090526e-01       5.63090526e-01       4.36909474e-01       4.36909474e-01
      6.10000000e-01       5.63476790e-01       5.63476790e-01       4.36523210e-01       4.36523210e-01
      6.20000000e-01       5.63865551e-01       5.63865551e-01       4.36134449e-01       4.36134449e-01
      6.30000000e-01       5.64256640e-01       5.64256640e-01       4.35743360e-01       4.35743360e-01
      6.40000000e-01       5.64649889e-01       5.64649889e-01       4.35350111e-01       4.35350111e-01
      6.50000000e-01       5.65045129e-01       5.65045129e-01       4.34954871e-01       4.34954871e-01
      6.60000000e-01       5.65442188e-01       5.65442188e-01       4.34557812e-01       4.34557812e-01
      6.70000000e-01       5.65840897e-01       5.65840897e-01       4.34159103e-01       4.34159103e-01
      6.80000000e-01       5.66241084e-01       5.66241084e-01       4.33758916e-01       4.33758916e-01
      6.90000000e-01       5.66642577e-01       5.66642577e-01       4.33357423e-01       4.33357423e-01
      7.00000000e-01       5.67045203e-01       5.67045203e-01       4.32954797e-01       4.32954797e-01
      7.10000000e-01       5.67448790e-01       5.67448790e-01       4.32551210e-01       4.32551210e-01
      7.20000000e-01       5.67853164e-01       5.67853164e-01       4.32146836e-01       4.32146836e-01
      7.30000000e-01       5.68258152e-01       5.68258152e-01       4.31741848e-01       4.31741848e-01
      7.40000000e-01       5.68663581e-01       5.68663581e-01       4.31336419e-01       4.31336419e-01
      7.50000000e-01       5.69069275e-01       5.69069275e-01       4.30930725e-01       4.30930725e-01
      7.60000000e-01       5.69475063e-01       5.69475063e-01       4.30524937e-01       4.30524937e-01
      7.70000000e-01       5.69880769e-01       5.69880769e-01       4.30119231e-01       4.30119231e-01
      7.80000000e-01       5.70286221e-01       5.70286221e-01       4.29713779e-01       4.29713779e-01
      7.90000000e-01       5.70691245e-01       5.70691245e-01       4.29308755e-01       4.29308755e-01
      8.00000000e-01       5.71095667e-01       5.71095667e-01       4.28904333e-01       4.28904333e-01
      8.10000000e-01       5.71499316e-01       5.71499316e-01       4.28500684e-01       4.28500684e-01
      8.20000000e-01       5.71902019e-01       5.71902019e-01       4.28097981e-01       4.28097981e-01
      8.30000000e-01       5.72303603e-01       5.72303603e-01       4.27696397e-01       4.27696397e-01
      8.40000000e-01       5.72703898e-01       5.72703898e-01       4.27296102e-01       4.27296102e-01
      8.50000000e-01       5.73102733e-01       5.73102733e-01       4.26897267e-01       4.26897267e-01
      8.60000000e-01       5.73499937e-01       5.73499937e-01       4.26500063e-01       4.26500063e-01
      8.70000000e-01       5.73895343e-01       5.73895343e-01       4.26104657e-01       4.26104657e-01
      8.80000000e-01       5.74288781e-01       5.74288781e-01       4.25711219e-01       4.25711219e-01
      8.90000000e-01       5.74680084e-01       5.74680084e-01       4.25319916e-01       4.25319916e-01
      9.00000000e-01       5.75069085e-01       5.75069085e-01       4.24930915e-01       4.24930915e-01
      9.10000000e-01       5.75455620e-01       5.75455620e-01       4.24544380e-01       4.24544380e-01
      9.20000000e-01       5.75839525e-01       5.75839525e-01       4.24160475e-01       4.24160475e-01
      9.30000000e-01       5.76220635e-01       5.76220635e-01       4.23779365e-01       4.23779365e-01
      9.40000000e-01       5.76598790e-01       5.76598790e-01       4.23401210e-01       4.23401210e-01
      9.50000000e-01       5.76973828e-01       5.76973828e-01       4.23026172e-01       4.23026172e-01
      9.60000000e-01       5.77345592e-01       5.77345592e-01       4.22654408e-01       4.22654408e-01
      9.70000000e-01       5.77713924e-01       5.77713924e-01       4.22286076e-01       4.22286076e-01
      9.80000000e-01       5.78078667e-01       5.78078667e-01       4.21921333e-01       4.21921333e-01
      9.90000000e-01       5.78439667e-01       5.78439667e-01       4.21560333e-01       4.21560333e-01
      1.00000000e+00       5.78796771e-01       5.78796771e-01       4.21203229e-01       4.21203229e-01
      1.01000000e+00       5.79149829e-01       5.79149829e-01       4.20850171e-01       4.20850171e-01
      1.02000000e+00       5.79498692e-01       5.79498692e-01       4.20501308e-01       4.20501308e-01
      1.03000000e+00       5.79843211e-01       5.79843211e-01       4.20156789e-01       4.20156789e-01
      1.04000000e+00       5.80183241e-01       5.80183241e-01       4.19816759e-01       4.19816759e-01
      1.05000000e+00       5.80518640e-01       5.80518640e-01       4.19481360e-01       4.19481360e-01
      1.06000000e+00       5.80849265e-01       5.80849265e-01       4.19150735e-01       4.19150735e-01
      1.07000000e+00       5.81174977e-01       5.81174977e-01       4.18825023e-01       4.18825023e-01
      1.08000000e+00       5.81495639e-01       5.81495639e-01       4.18504361e-01       4.18504361e-01
      1.09000000e+00       5.81811116e-01       5.81811116e-01       4.18188884e-01       4.18188884e-01
      1.10000000e+00       5.82121274e-01       5.82121274e-01       4.17878726e-01       4.17878726e-01
      1.11000000e+00       5.82425985e-01       5.82425985e-01       4.17574015e-01       4.17574015e-01
      1.12000000e+00       5.82725118e-01       5.82725118e-01       4.17274882e-01       4.17274882e-01
      1.13000000e+00       5.83018549e-01       5.83018549e-01       4.16981451e-01       4.16981451e-01
      1.14000000e+00       5.83306155e-01       5.83306155e-01       4.16693845e-01       4.16693845e-01
      1.15000000e+00       5.83587814e-01       5.83587814e-01       4.16412186e-01       4.16412186e-01
      1.16000000e+00       5.83863408e-01       5.83863408e-01       4.16136592e-01       4.16136592e-01
      1.17000000e+00       5.84132822e-01       5.84132822e-01       4.15867178e-01       4.15867178e-01
      1.18000000e+00       5.84395942e-01       5.84395942e-01       4.15604058e-01       4.15604058e-01
      1.19000000e+00       5.84652659e-01       5.84652659e-01       4.15347341e-01       4.15347341e-01
      1.20000000e+00       5.84902864e-01       5.84902864e-01       4.15097136e-01       4.15097136e-01
      1.21000000e+00       5.85146454e-01       5.85146454e-01       4.14853546e-01       4.14853546e-01
      1.22000000e+00       5.85383326e-01       5.85383326e-01       4.14616674e-01       4.14616674e-01
      1.23000000e+00       5.85613380e-01       5.85613380e-01       4.14386620e-01       4.14386620e-01
      1.24000000e+00       5.85836521e-01       5.85836521e-01       4.14163479e-01       4.14163479e-01
      1.25000000e+00       5.86052656e-01       5.86052656e-01       4.13947344e-01       4.13947344e-01
      1.26000000e+00       5.86261694e-01       5.86261694e-01       4.13738306e-01       4.13738306e-01
      1.27000000e+00       5.86463547e-01       5.86463547e-01       4.13536453e-01       4.13536453e-01
      1.28000000e+00       5.86658132e-01       5.86658132e-01       4.13341868e-01       4.13341868e-01
      1.29000000e+00       5.86845367e-01       5.86845367e-01       4.13154633e-01       4.13154633e-01
      1.30000000e+00       5.87025175e-01       5.87025175e-01       4.12974825e-01       4.12974825e-01
      1.31000000e+00       5.87197480e-01       5.87197480e-01       4.12802520e-01       4.12802520e-01
      1.32000000e+00       5.87362210e-01       5.87362210e-01       4.12637790e-01       4.12637790e-01
      1.33000000e+00       5.87519297e-01       5.87519297e-01       4.12480703e-01       4.12480703e-01
      1.34000000e+00       5.87668675e-01       5.87668675e-01       4.12331325e-01       4.12331325e-01
      1.35000000e+00       5.87810283e-01       5.87810283e-01       4.12189717e-01       4.12189717e-01
      1.36000000e+00       5.87944061e-01       5.87944061e-01       4.12055939e-01       4.12055939e-01
      1.37000000e+00       5.88069954e-01       5.88069954e-01       4.11930046e-01       4.11930046e-01
      1.38000000e+00       5.88187910e-01       5.88187910e-01       4.11812090e-01       4.11812090e-01
      1.39000000e+00       5.88297879e-01       5.88297879e-01       4.11702121e-01       4.11702121e-01
      1.40000000e+00       5.88399815e-01       5.88399815e-01       4.11600185e-01       4.11600185e-01
      1.41000000e+00       5.88493678e-01       5.88493678e-01       4.11506322e-01       4.11506322e-01
      1.42000000e+00       5.88579428e-01       5.88579428e-01       4.11420572e-01       4.11420572e-01
      1.43000000e+00       5.88657028e-01       5.88657028e-01       4.11342972e-01       4.11342972e-01
      1.44000000e+00       5.88726448e-01       5.88726448e-01       4.11273552e-01       4.11273552e-01
      1.45000000e+00       5.88787659e-01       5.88787659e-01       4.11212341e-01       4.11212341e-01
      1.46000000e+00       5.88840635e-01       5.88840635e-01       4.11159365e-01       4.11159365e-01
      1.47000000e+00       5.88885355e-01       5.88885355e-01       4.11114645e-01       4.11114645e-01
      1.48000000e+00       5.88921800e-01       5.88921800e-01       4.11078200e-01       4.11078200e-01
      1.49000000e+00       5.88949956e-01       5.88949956e-01       4.11050044e-01       4.11050044e-01
      1.50000000e+00       5.88969811e-01       5.88969811e-01       4.11030189e-01       4.11030189e-01
      1.51000000e+00       5.88981356e-01       5.88981356e-01       4.11018644e-01       4.11018644e-01
      1.52000000e+00       5.88984589e-01       5.88984589e-01       4.11015411e-01       4.11015411e-01
      1.53000000e+00       5.88979507e-01       5.88979507e-01       4.11020493e-01       4.11020493e-01
      1.54000000e+00       5.88966113e-01       5.88966113e-01       4.11033887e-01       4.11033887e-01
      1.55000000e+00       5.88944413e-01       5.88944413e-01       4.11055587e-01       4.11055587e-01
      1.56000000e+00       5.88914416e-01       5.88914416e-01       4.11085584e-01       4.11085584e-01
      1.57000000e+00       5.88876136e-01       5.88876136e-01       4.11123864e-01       4.11123864e-01
      1.58000000e+00       5.88829588e-01       5.88829588e-01       4.11170412e-01       4.11170412e-01
      1.59000000e+00       5.88774792e-01       5.88774792e-01       4.11225208e-01       4.11225208e-01
      1.60000000e+00       5.88711772e-01       5.88711772e-01       4.11288228e-01       4.11288228e-01
      1.61000000e+00       5.88640553e-01       5.88640553e-01       4.11359447e-01       4.11359447e-01
      1.62000000e+00       5.88561167e-01       5.88561167e-01       4.11438833e-01       4.11438833e-01
      1.63000000e+00       5.88473646e-01       5.88473646e-01       4.11526354e-01       4.11526354e-01
      1.64000000e+00       5.88378028e-01       5.88378028e-01       4.11621972e-01       4.11621972e-01
      1.65000000e+00       5.88274352e-01       5.88274352e-01       4.11725648e-01       4.11725648e-01
      1.66000000e+00       5.88162662e-01       5.88162662e-01       4.11837338e-01       4.11837338e-01
      1.67000000e+00       5.88043005e-01       5.88043005e-01       4.11956995e-01       4.11956995e-01
      1.68000000e+00       5.87915432e-01       5.87915432e-01       4.12084568e-01       4.12084568e-01
      1.69000000e+00       5.87779995e-01       5.87779995e-01       4.12220005e-01       4.12220005e-01
      1.70000000e+00       5.87636751e-01       5.87636751e-01       4.12363249e-01       4.12363249e-01
      1.71000000e+00       5.87485762e-01       5.87485762e-01       4.12514238e-01       4.12514238e-01
      1.72000000e+00       5.87327089e-01       5.87327089e-01       4.12672911e-01       4.12672911e-01
      1.73000000e+00       5.87160800e-01       5.87160800e-01       4.12839200e-01       4.12839200e-01
      1.74000000e+00       5.86986964e-01       5.86986964e-01       4.13013036e-01       4.13013036e-01
      1.75000000e+00       5.86805655e-01       5.86805655e-01       4.13194345e-01       4.13194345e-01
      1.76000000e+00       5.86616947e-01       5.86616947e-01       4.13383053e-01       4.13383053e-01
      1.77000000e+00       5.86420921e-01       5.86420921e-01       4.13579079e-01       4.13579079e-01
      1.78000000e+00       5.86217658e-01       5.86217658e-01       4.13782342e-01       4.13782342e-01
      1.79000000e+00       5.86007244e-01       5.86007244e-01       4.13992756e-01       4.13992756e-01
      1.80000000e+00       5.85789768e-01       5.85789768e-01       4.14210232e-01       4.14210232e-01
      1.81000000e+00       5.85565319e-01       5.85565319e-01       4.14434681e-01       4.14434681e-01
      1.82000000e+00       5.85333992e-01       5.85333992e-01       4.14666008e-01       4.14666008e-01
      1.83000000e+00       5.85095885e-01       5.85095885e-01       4.14904115e-01       4.14904115e-01
      1.84000000e+00       5.84851097e-01       5.84851097e-01       4.15148903e-01       4.15148903e-01
      1.85000000e+00       5.84599731e-01       5.84599731e-01       4.15400269e-01       4.15400269e-01
      1.86000000e+00       5.84341892e-01       5.84341892e-01       4.15658108e-01       4.15658108e-01
      1.87000000e+00       5.84077689e-01       5.84077689e-01       4.15922311e-01       4.15922311e-01
      1.88000000e+00       5.83807232e-01       5.83807232e-01       4.16192768e-01       4.16192768e-01
      1.89000000e+00       5.83530635e-01       5.83530635e-01       4.16469365e-01       4.16469365e-01
      1.90000000e+00       5.83248015e-01       5.83248015e-01       4.16751985e-01       4.16751985e-01
      1.91000000e+00       5.82959489e-01       5.82959489e-01       4.17040511e-01       4.17040511e-01
      1.92000000e+00       5.82665180e-01       5.82665180e-01       4.17334820e-01       4.17334820e-01
      1.93000000e+00       5.82365210e-01       5.82365210e-01       4.17634790e-01       4.17634790e-01
      1.94000000e+00       5.82059707e-01       5.82059707e-01       4.17940293e-01       4.17940293e-01
      1.95000000e+00       5.81748798e-01       5.81748798e-01       4.18251202e-01       4.18251202e-01
      1.96000000e+00       5.81432614e-01       5.81432614e-01       4.18567386e-01       4.18567386e-01
      1.97000000e+00       5.81111288e-01       5.81111288e-01       4.18888712e-01       4.18888712e-01
      1.98000000e+00       5.80784955e-01       5.80784955e-01       4.19215045e-01       4.19215045e-01
      1.99000000e+00       5.80453754e-01       5.80453754e-01       4.19546246e-01       4.19546246e-01
      2.00000000e+00       5.80117823e-01       5.80117823e-01       4.19882177e-01       4.19882177e-01
      2.01000000e+00       5.79777303e-01       5.79777303e-01       4.20222697e-01       4.20222697e-01
      2.02000000e+00       5.79432339e-01       5.79432339e-01       4.20567661e-01       4.20567661e-01
      2.03000000e+00       5.79083076e-01       5.79083076e-01       4.20916924e-01       4.20916924e-01
      2.04000000e+00       5.78729661e-01       5.78729661e-01       4.21270339e-01       4.21270339e-01
      2.05000000e+00       5.78372242e-01       5.78372242e-01       4.21627758e-01       4.21627758e-01
      2.06000000e+00       5.78010972e-01       5.78010972e-01       4.21989028e-01       4.21989028e-01
      2.07000000e+00       5.77646003e-01       5.77646003e-01       4.22353997e-01       4.22353997e-01
      2.08000000e+00       5.77277488e-01       5.77277488e-01       4.22722512e-01       4.22722512e-01
      2.09000000e+00       5.76905583e-01       5.76905583e-01       4.23094417e-01       4.23094417e-01
      2.10000000e+00       5.76530446e-01       5.76530446e-01       4.23469554e-01       4.23469554e-01
      2.11000000e+00       5.76152236e-01       5.76152236e-01       4.23847764e-01       4.23847764e-01
      2.12000000e+00       5.75771111e-01       5.75771111e-01       4.24228889e-01       4.24228889e-01
      2.13000000e+00       5.75387234e-01       5.75387234e-01       4.24612766e-01       4.24612766e-01
      2.14000000e+00       5.75000768e-01       5.75000768e-01       4.24999232e-01       4.24999232e-01
      2.15000000e+00       5.74611875e-01       5.74611875e-01       4.25388125e-01       4.25388125e-01
      2.16000000e+00       5.74220720e-01       5.74220720e-01       4.25779280e-01       4.25779280e-01
      2.17000000e+00       5.73827470e-01       5.73827470e-01       4.26172530e-01       4.26172530e-01
      2.18000000e+00       5.73432292e-01       5.73432292e-01       4.26567708e-01       4.26567708e-01
      2.19000000e+00       5.73035352e-01       5.73035352e-01       4.26964648e-01       4.26964648e-01
      2.20000000e+00       5.72636820e-01       5.72636820e-01       4.27363180e-01       4.27363180e-01
      2.21000000e+00       5.72236865e-01       5.72236865e-01       4.27763135e-01       4.27763135e-01
      2.22000000e+00       5.71835656e-01       5.71835656e-01       4.28164344e-01       4.28164344e-01
      2.23000000e+00       5.71433365e-01       5.71433365e-01       4.28566635e-01       4.28566635e-01
      2.24000000e+00       5.71030163e-01       5.71030163e-01       4.28969837e-01       4.28969837e-01
      2.25000000e+00       5.70626220e-01       5.70626220e-01       4.29373780e-01       4.29373780e-01
      2.26000000e+00       5.70221710e-01       5.70221710e-01       4.29778290e-01       4.29778290e-01
      2.27000000e+00       5.69816804e-01       5.69816804e-01       4.30183196e-01       4.30183196e-01
      2.28000000e+00       5.69411675e-01       5.69411675e-01       4.30588325e-01       4.30588325e-01
      2.29000000e+00       5.69006495e-01       5.69006495e-01       4.30993505e-01       4.30993505e-01
      2.30000000e+00       5.68601439e-01       5.68601439e-01       4.31398561e-01       4.31398561e-01
      2.31000000e+00       5.68196678e-01       5.68196678e-01       4.31803322e-01       4.31803322e-01
      2.32000000e+00       5.67792385e-01       5.67792385e-01       4.32207615e-01       4.32207615e-01
      2.33000000e+00       5.67388734e-01       5.67388734e-01       4.32611266e-01       4.32611266e-01
      2.34000000e+00       5.66985896e-01       5.66985896e-01       4.33014104e-01       4.33014104e-01
      2.35000000e+00       5.66584044e-01       5.66584044e-01       4.33415956e-01       4.33415956e-01
      2.36000000e+00       5.66183350e-01       5.66183350e-01       4.33816650e-01       4.33816650e-01
      2.37000000e+00       5.65783986e-01       5.65783986e-01       4.34216014e-01       4.34216014e-01
      2.38000000e+00       5.65386123e-01       5.65386123e-01       4.34613877e-01       4.34613877e-01
      2.39000000e+00       5.64989931e-01       5.64989931e-01       4.35010069e-01       4.35010069e-01
      2.40000000e+00       5.64595579e-01       5.64595579e-01       4.35404421e-01       4.35404421e-01
      2.41000000e+00       5.64203238e-01       5.64203238e-01       4.35796762e-01       4.35796762e-01
      2.42000000e+00       5.63813076e-01       5.63813076e-01       4.36186924e-01       4.36186924e-01
      2.43000000e+00       5.63425260e-01       5.63425260e-01       4.36574740e-01       4.36574740e-01
      2.44000000e+00       5.63039957e-01       5.63039957e-01       4.36960043e-01       4.36960043e-01
      2.45000000e+00       5.62657333e-01       5.62657333e-01       4.37342667e-01       4.37342667e-01
      2.46000000e+00       5.62277552e-01       5.62277552e-01       4.37722448e-01       4.37722448e-01
      2.47000000e+00       5.61900778e-01       5.61900778e-01       4.38099222e-01       4.38099222e-01
      2.48000000e+00       5.61527172e-01       5.61527172e-01       4.38472828e-01       4.38472828e-01
      2.49000000e+00       5.61156897e-01       5.61156897e-01       4.38843103e-01       4.38843103e-01
      2.50000000e+00       5.60790111e-01       5.60790111e-01       4.39209889e-01       4.39209889e-01
      2.51000000e+00       5.60426973e-01       5.60426973e-01       4.39573027e-01       4.39573027e-01
      2.52000000e+00       5.60067639e-01       5.60067639e-01       4.39932361e-01       4.39932361e-01
      2.53000000e+00       5.59712265e-01       5.59712265e-01       4.40287735e-01       4.40287735e-01
      2.54000000e+00       5.59361004e-01       5.59361004e-01       4.40638996e-01       4.40638996e-01
      2.55000000e+00       5.59014008e-01       5.59014008e-01       4.40985992e-01       4.40985992e-01
      2.56000000e+00       5.58671426e-01       5.58671426e-01       4.41328574e-01       4.41328574e-01
      2.57000000e+00       5.58333408e-01       5.58333408e-01       4.41666592e-01       4.41666592e-01
      2.58000000e+00       5.58000100e-01       5.58000100e-01       4.41999900e-01       4.41999900e-01
      2.59000000e+00       5.57671645e-01       5.57671645e-01       4.42328355e-01       4.42328355e-01
      2.60000000e+00       5.57348187e-01       5.57348187e-01       4.42651813e-01       4.42651813e-01
      2.61000000e+00       5.57029865e-01       5.57029865e-01       4.42970135e-01       4.42970135e-01
      2.62000000e+00       5.56716817e-01       5.56716817e-01       4.43283183e-01       4.43283183e-01
      2.63000000e+00       5.56409180e-01       5.56409180e-01       4.43590820e-01       4.43590820e-01
      2.64000000e+00       5.56107087e-01       5.56107087e-01       4.43892913e-01       4.43892913e-01
      2.65000000e+00       5.55810669e-01       5.55810669e-01       4.44189331e-01       4.44189331e-01
      2.66000000e+00       5.55520055e-01       5.55520055e-01       4.44479945e-01       4.44479945e-01
      2.67000000e+00       5.55235371e-01       5.55235371e-01       4.44764629e-01       4.44764629e-01
      2.68000000e+00       5.54956742e-01       5.54956742e-01       4.45043258e-01       4.45043258e-01
      2.69000000e+00       5.54684288e-01       5.54684288e-01       4.45315712e-01       4.45315712e-01
      2.70000000e+00       5.54418129e-01       5.54418129e-01       4.45581871e-01       4.45581871e-01
      2.71000000e+00       5.54158379e-01       5.54158379e-01       4.45841621e-01       4.45841621e-01
      2.72000000e+00       5.53905154e-01       5.53905154e-01       4.46094846e-01       4.46094846e-01
      2.73000000e+00       5.53658562e-01       5.53658562e-01       4.46341438e-01       4.46341438e-01
      2.74000000e+00       5.53418711e-01       5.53418711e-01       4.46581289e-01       4.46581289e-01
      2.75000000e+00       5.53185707e-01       5.53185707e-01       4.46814293e-01       4.46814293e-01
      2.76000000e+00       5.52959651e-01       5.52959651e-01       4.47040349e-01       4.47040349e-01
      2.77000000e+00       5.52740642e-01       5.52740642e-01       4.47259358e-01       4.47259358e-01
      2.78000000e+00       5.52528775e-01       5.52528775e-01       4.47471225e-01       4.47471225e-01
      2.79000000e+00       5.52324144e-01       5.52324144e-01       4.47675856e-01       4.47675856e-01
      2.80000000e+00       5.52126838e-01       5.52126838e-01       4.47873162e-01       4.47873162e-01
      2.81000000e+00       5.51936943e-01       5.51936943e-01       4.48063057e-01       4.48063057e-01
      2.82000000e+00       5.51754543e-01       5.51754543e-01       4.48245457e-01       4.48245457e-01
      2.83000000e+00       5.51579717e-01       5.51579717e-01       4.48420283e-01       4.48420283e-01
      2.84000000e+00       5.51412543e-01       5.51412543e-01       4.48587457e-01       4.48587457e-01
      2.85000000e+00       5.51253094e-01       5.51253094e-01       4.48746906e-01       4.48746906e-01
      2.86000000e+00       5.51101439e-01       5.51101439e-01       4.48898561e-01       4.48898561e-01
      2.87000000e+00       5.50957646e-01       5.50957646e-01       4.49042354e-01       4.49042354e-01
      2.88000000e+00       5.50821778e-01       5.50821778e-01       4.49178222e-01       4.49178222e-01
      2.89000000e+00       5.50693895e-01       5.50693895e-01       4.49306105e-01       4.49306105e-01
      2.90000000e+00       5.50574052e-01       5.50574052e-01       4.49425948e-01       4.49425948e-01
      2.91000000e+00       5.50462304e-01       5.50462304e-01       4.49537696e-01       4.49537696e-01
      2.92000000e+00       5.50358698e-01       5.50358698e-01       4.49641302e-01       4.49641302e-01
      2.93000000e+00       5.50263282e-01       5.50263282e-01       4.49736718e-01       4.49736718e-01
      2.94000000e+00       5.50176097e-01       5.50176097e-01       4.49823903e-01       4.49823903e-01
      2.95000000e+00       5.50097182e-01       5.50097182e-01       4.49902818e-01       4.49902818e-01
      2.96000000e+00       5.50026572e-01       5.50026572e-01       4.49973428e-01       4.49973428e-01
      2.97000000e+00       5.49964298e-01       5.49964298e-01       4.50035702e-01       4.50035702e-01
      2.98000000e+00       5.49910388e-01       5.49910388e-01       4.50089612e-01       4.50089612e-01
      2.99000000e+00       5.49864867e-01       5.49864867e-01       4.50135133e-01       4.50135133e-01
      3.00000000e+00       5.49827755e-01       5.49827755e-01       4.50172245e-01       4.50172245e-01
      3.01000000e+00       5.49799067e-01       5.49799067e-01       4.50200933e-01       4.50200933e-01
      3.02000000e+00       5.49778819e-01       5.49778819e-01       4.50221181e-01       4.50221181e-01
      3.03000000e+00       5.49767019e-01       5.49767019e-01       4.50232981e-01       4.50232981e-01
      3.04000000e+00       5.49763672e-01       5.49763672e-01       4.50236328e-01       4.50236328e-01
      3.05000000e+00       5.49768781e-01       5.49768781e-01       4.50231219e-01       4.50231219e-01
      3.06000000e+00       5.49782345e-01       5.49782345e-01       4.50217655e-01       4.50217655e-01
      3.07000000e+00       5.49804356e-01       5.49804356e-01       4.50195644e-01       4.50195644e-01
      3.08000000e+00       5.49834808e-01       5.49834808e-01       4.50165192e-01       4.50165192e-01
      3.09000000e+00       5.49873686e-01       5.49873686e-01       4.50126314e-01       4.50126314e-01
      3.10000000e+00       5.49920975e-01       5.49920975e-01       4.50079025e-01       4.50079025e-01
      3.11000000e+00       5.49976654e-01       5.49976654e-01       4.50023346e-01       4.50023346e-01
      3.12000000e+00       5.50040699e-01       5.50040699e-01       4.49959301e-01       4.49959301e-01
      3.13000000e+00       5.50113083e-01       5.50113083e-01       4.49886917e-01       4.49886917e-01
      3.14000000e+00       5.50193774e-01       5.50193774e-01       4.49806226e-01       4.49806226e-01
      3.15000000e+00       5.50282738e-01       5.50282738e-01       4.49717262e-01       4.49717262e-01
      3.16000000e+00       5.50379937e-01       5.50379937e-01       4.49620063e-01       4.49620063e-01
      3.17000000e+00       5.50485328e-01       5.50485328e-01       4.49514672e-01       4.49514672e-01
      3.18000000e+00       5.50598866e-01       5.50598866e-01       4.49401134e-01       4.49401134e-01
      3.19000000e+00       5.50720501e-01       5.50720501e-01       4.49279499e-01       4.49279499e-01
      3.20000000e+00       5.50850181e-01       5.50850181e-01       4.49149819e-01       4.49149819e-01
      3.21000000e+00       5.50987849e-01       5.50987849e-01       4.49012151e-01       4.49012151e-01
      3.22000000e+00       5.51133446e-01       5.51133446e-01       4.48866554e-01       4.48866554e-01
      3.23000000e+00       5.51286909e-01       5.51286909e-01       4.48713091e-01       4.48713091e-01
      3.24000000e+00       5.51448170e-01       5.51448170e-01       4.48551830e-01       4.48551830e-01
      3.25000000e+00       5.51617160e-01       5.51617160e-01       4.48382840e-01       4.48382840e-01
      3.26000000e+00       5.51793804e-01       5.51793804e-01       4.48206196e-01       4.48206196e-01
      3.27000000e+00       5.51978028e-01       5.51978028e-01       4.48021972e-01       4.48021972e-01
      3.28000000e+00       5.52169749e-01       5.52169749e-01       4.47830251e-01       4.47830251e-01
      3.29000000e+00       5.52368885e-01       5.52368885e-01       4.47631115e-01       4.47631115e-01
      3.30000000e+00       5.52575349e-01       5.52575349e-01       4.47424651e-01       4.47424651e-01
      3.31000000e+00       5.52789052e-01       5.52789052e-01       4.47210948e-01       4.47210948e-01
      3.32000000e+00       5.53009899e-01       5.53009899e-01       4.46990101e-01       4.46990101e-01
      3.33000000e+00       5.53237796e-01       5.53237796e-01       4.46762204e-01       4.46762204e-01
      3.34000000e+00       5.53472642e-01       5.53472642e-01       4.46527358e-01       4.46527358e-01
      3.35000000e+00       5.53714336e-01       5.53714336e-01       4.46285664e-01       4.46285664e-01
      3.36000000e+00       5.53962772e-01       5.53962772e-01       4.46037228e-01       4.46037228e-01
      3.37000000e+00       5.54217843e-01       5.54217843e-01       4.45782157e-01       4.45782157e-01
      3.38000000e+00       5.54479436e-01       5.54479436e-01       4.45520564e-01       4.45520564e-01
      3.39000000e+00       5.54747439e-01       5.54747439e-01       4.45252561e-01       4.45252561e-01
      3.40000000e+00       5.55021735e-01       5.55021735e-01       4.44978265e-01       4.44978265e-01
      3.41000000e+00       5.55302204e-01       5.55302204e-01       4.44697796e-01       4.44697796e-01
      3.42000000e+00       5.55588724e-01       5.55588724e-01       4.44411276e-01       4.44411276e-01
      3.43000000e+00       5.55881171e-01       5.55881171e-01       4.44118829e-01       4.44118829e-01
      3.44000000e+00       5.56179417e-01       5.56179417e-01       4.43820583e-01       4.43820583e-01
      3.45000000e+00       5.56483333e-01       5.56483333e-01       4.43516667e-01       4.43516667e-01
      3.46000000e+00       5.56792786e-01       5.56792786e-01       4.43207214e-01       4.43207214e-01
      3.47000000e+00       5.57107642e-01       5.57107642e-01       4.42892358e-01       4.42892358e-01
      3.48000000e+00       5.57427764e-01       5.57427764e-01       4.42572236e-01       4.42572236e-01
      3.49000000e+00       5.57753013e-01       5.57753013e-01       4.42246987e-01       4.42246987e-01
      3.50000000e+00       5.58083248e-01       5.58083248e-01       4.41916752e-01       4.41916752e-01
      3.51000000e+00       5.58418325e-01       5.58418325e-01       4.41581675e-01       4.41581675e-01
      3.52000000e+00       5.58758098e-01       5.58758098e-01       4.41241902e-01       4.41241902e-01
      3.53000000e+00       5.59102420e-01       5.59102420e-01       4.40897580e-01       4.40897580e-01
      3.54000000e+00       5.59451142e-01       5.59451142e-01       4.40548858e-01       4.40548858e-01
      3.55000000e+00       5.59804112e-01       5.59804112e-01       4.40195888e-01       4.40195888e-01
      3.56000000e+00       5.60161177e-01       5.60161177e-01       4.39838823e-01       4.39838823e-01
      3.57000000e+00       5.60522182e-01       5.60522182e-01       4.39477818e-01       4.39477818e-01
      3.58000000e+00       5.60886971e-01       5.60886971e-01       4.39113029e-01       4.39113029e-01
      3.59000000e+00       5.61255386e-01       5.61255386e-01       4.38744614e-01       4.38744614e-01
      3.60000000e+00       5.61627266e-01       5.61627266e-01       4.38372734e-01       4.38372734e-01
      3.61000000e+00       5.62002451e-01       5.62002451e-01       4.37997549e-01       4.37997549e-01
      3.62000000e+00       5.62380778e-01       5.62380778e-01       4.37619222e-01       4.37619222e-01
      3.63000000e+00       5.62762084e-01       5.62762084e-01       4.37237916e-01       4.37237916e-01
      3.64000000e+00       5.63146204e-01       5.63146204e-01       4.36853796e-01       4.36853796e-01
      3.65000000e+00       5.63532971e-01       5.63532971e-01       4.36467029e-01       4.36467029e-01
      3.66000000e+00       5.63922218e-01       5.63922218e-01       4.36077782e-01       4.36077782e-01
      3.67000000e+00       5.64313777e-01       5.64313777e-01       4.35686223e-01       4.35686223e-01
      3.68000000e+00       5.64707479e-01       5.64707479e-01       4.35292521e-01       4.35292521e-01
      3.69000000e+00       5.65103153e-01       5.65103153e-01       4.34896847e-01       4.34896847e-01
      3.70000000e+00       5.65500630e-01       5.65500630e-01       4.34499370e-01       4.34499370e-01
      3.71000000e+00       5.65899736e-01       5.65899736e-01       4.34100264e-01       4.34100264e-01
      3.72000000e+00       5.66300301e-01       5.66300301e-01       4.33699699e-01       4.33699699e-01
      3.73000000e+00       5.66702152e-01       5.66702152e-01       4.33297848e-01       4.33297848e-01
      3.74000000e+00       5.67105115e-01       5.67105115e-01       4.32894885e-01       4.32894885e-01
      3.75000000e+00       5.67509016e-01       5.67509016e-01       4.32490984e-01       4.32490984e-01
      3.76000000e+00       5.67913682e-01       5.67913682e-01       4.32086318e-01       4.32086318e-01
      3.77000000e+00       5.68318940e-01       5.68318940e-01       4.31681060e-01       4.31681060e-01
      3.78000000e+00       5.68724613e-01       5.68724613e-01       4.31275387e-01       4.31275387e-01
      3.79000000e+00       5.69130528e-01       5.69130528e-01       4.30869472e-01       4.30869472e-01
      3.80000000e+00       5.69536511e-01       5.69536511e-01       4.30463489e-01       4.30463489e-01
      3.81000000e+00       5.69942387e-01       5.69942387e-01       4.30057613e-01       4.30057613e-01
      3.82000000e+00       5.70347981e-01       5.70347981e-01       4.29652019e-01       4.29652019e-01
      3.83000000e+00       5.70753120e-01       5.70753120e-01       4.29246880e-01       4.29246880e-01
      3.84000000e+00       5.71157631e-01       5.71157631e-01       4.28842369e-01       4.28842369e-01
      3.85000000e+00       5.71561338e-01       5.71561338e-01       4.28438662e-01       4.28438662e-01
      3.86000000e+00       5.71964071e-01       5.71964071e-01       4.28035929e-01       4.28035929e-01
      3.87000000e+00       5.72365655e-01       5.72365655e-01       4.27634345e-01       4.27634345e-01
      3.88000000e+00       5.72765919e-01       5.72765919e-01       4.27234081e-01       4.27234081e-01
      3.89000000e+00       5.73164693e-01       5.73164693e-01       4.26835307e-01       4.26835307e-01
      3.90000000e+00       5.73561805e-01       5.73561805e-01       4.26438195e-01       4.26438195e-01
      3.91000000e+00       5.73957085e-01       5.73957085e-01       4.26042915e-01       4.26042915e-01
      3.92000000e+00       5.74350366e-01       5.74350366e-01       4.25649634e-01       4.25649634e-01
      3.93000000e+00       5.74741478e-01       5.74741478e-01       4.25258522e-01       4.25258522e-01
      3.94000000e+00       5.75130255e-01       5.75130255e-01       4.24869745e-01       4.24869745e-01
