      1.00000000e-02      -1.74403218e+00       2.00000000e+00       2.00000000e+00       2.00000000e+00       2.00000000e+00       1.00000000e+00       1.00000000e+00       1.00000000e+00       1.99999951e+00       4.90082639e-07       0.00000000e+00       0.00000000e+00       0.00000000e+00
      2.00000000e-02      -1.74403218e+00       2.00000000e+00       2.00000000e+00       2.00000000e+00       2.00000000e+00       1.00000000e+00       1.00000000e+00       1.00000000e+00       1.99999804e+00       1.95954644e-06       0.00000000e+00       0.00000000e+00       0.00000000e+00
      3.00000000e-02      -1.74403218e+00       2.00000000e+00       2.00000000e+00       2.00000000e+00       2.00000000e+00       1.00000000e+00       1.00000000e+00       1.00000000e+00       1.99999559e+00       4.40604022e-06       0.00000000e+00       0.00000000e+00       0.00000000e+00
      4.00000000e-02      -1.74403218e+00       2.00000000e+00       2.00000000e+00       2.00000000e+00       2.00000000e+00       1.00000000e+00       1.00000000e+00       1.00000000e+00       1.99999217e+00       7.82564946e-06       0.00000000e+00       0.00000000e+00       0.00000000e+00
      5.00000000e-02      -1.74403218e+00       2.00000000e+00       2.00000000e+00       2.00000000e+00       2.00000000e+00       1.00000000e+00       1.00000000e+00       1.00000000e+00       1.99998779e+00       1.22129027e-05       0.00000000e+00       0.00000000e+00       0.00000000e+00
      6.00000000e-02      -1.74403218e+00       2.00000000e+00       2.00000000e+00       2.00000000e+00       2.00000000e+00       1.00000000e+00       1.00000000e+00       1.00000000e+00       1.99998244e+00       1.75607801e-05       0.00000000e+00       0.00000000e+00       0.00000000e+00
      7.00000000e-02      -1.74403218e+00       2.00000000e+00       2.00000000e+00       2.00000000e+00       2.00000000e+00       1.00000000e+00       1.00000000e+00       1.00000000e+00       1.99997614e+00       2.38607250e-05       0.00000000e+00       0.00000000e+00       0.00000000e+00
      8.00000000e-02      -1.74403218e+00       2.00000000e+00       2.00000000e+00       2.00000000e+00       2.00000000e+00       1.00000000e+00       1.00000000e+00       1.00000000e+00       1.99996890e+00       3.11026572e-05       0.00000000e+00       0.00000000e+00       0.00000000e+00
      9.00000000e-02      -1.74403218e+00       2.00000000e+00       2.00000000e+00       2.00000000e+00       2.00000000e+00       1.00000000e+00       1.00000000e+00       1.00000000e+00       1.99996073e+00       3.92749896e-05       0.00000000e+00       2.66984785e-17      -1.12790609e-17
      1.00000000e-01      -1.74403218e+00       2.00000000e+00       2.00000000e+00       2.00000000e+00       2.00000000e+00       1.00000000e+00       1.00000000e+00       1.00000000e+00       1.99995164e+00       4.83646464e-05       0.00000000e+00       1.11022302e-16       1.51788304e-17
      1.10000000e-01      -1.74403218e+00       2.00000000e+00       2.00000000e+00       2.00000000e+00       2.00000000e+00       1.00000000e+00       1.00000000e+00       1.00000000e+00       1.99994164e+00       5.83570841e-05       0.00000000e+00       0.00000000e+00       0.00000000e+00
      1.20000000e-01      -1.74403218e+00       2.00000000e+00       2.00000000e+00       2.00000000e+00       2.00000000e+00       1.00000000e+00       1.00000000e+00       1.00000000e+00       1.99993076e+00       6.92363149e-05       0.00000000e+00       0.00000000e+00       0.00000000e+00
      1.30000000e-01      -1.74403218e+00       2.00000000e+00       2.00000000e+00       2.00000000e+00       2.00000000e+00       1.00000000e+00       1.00000000e+00       1.00000000e+00       1.99991902e+00       8.09849324e-05       0.00000000e+00       0.00000000e+00       0.00000000e+00
      1.40000000e-01      -1.74403218e+00       2.00000000e+00       2.00000000e+00       2.00000000e+00       2.00000000e+00       1.00000000e+00       1.00000000e+00       1.00000000e+00       1.99990642e+00       9.35841390e-05       0.00000000e+00       0.00000000e+00       0.00000000e+00
      1.50000000e-01      -1.74403218e+00       2.00000000e+00       2.00000000e+00       2.00000000e+00       2.00000000e+00       1.00000000e+00       1.00000000e+00       1.00000000e+00       1.99989299e+00       1.07013777e-04       0.00000000e+00       0.00000000e+00       0.00000000e+00
      1.60000000e-01      -1.74403218e+00       2.00000000e+00       2.00000000e+00       2.00000000e+00       2.00000000e+00       1.00000000e+00       1.00000000e+00       1.00000000e+00       1.99987875e+00       1.21252359e-04       0.00000000e+00       0.00000000e+00       0.00000000e+00
      1.70000000e-01      -1.74403218e+00       2.00000000e+00       2.00000000e+00       2.00000000e+00       2.00000000e+00       1.00000000e+00       1.00000000e+00       1.00000000e+00       1.99986372e+00       1.36277105e-04       0.00000000e+00       0.00000000e+00       0.00000000e+00
      1.80000000e-01      -1.74403218e+00       2.00000000e+00       2.00000000e+00       2.00000000e+00       2.00000000e+00       1.00000000e+00       1.00000000e+00       1.00000000e+00       1.99984794e+00       1.52063976e-04       0.00000000e+00       0.00000000e+00       0.00000000e+00
      1.90000000e-01      -1.74403218e+00       2.00000000e+00       2.00000000e+00       2.00000000e+00       2.00000000e+00       1.00000000e+00       1.00000000e+00       1.00000000e+00       1.99983141e+00       1.68587716e-04       0.00000000e+00       0.00000000e+00       0.00000000e+00
      2.00000000e-01      -1.74403218e+00       2.00000000e+00       2.00000000e+00       2.00000000e+00       2.00000000e+00       1.00000000e+00       1.00000000e+00       1.00000000e+00       1.99981418e+00       1.85821888e-04       0.00000000e+00       0.00000000e+00       0.00000000e+00
      2.10000000e-01      -1.74403218e+00       2.00000000e+00       2.00000000e+00       2.00000000e+00       2.00000000e+00       1.00000000e+00       1.00000000e+00       1.00000000e+00       1.99979626e+00       2.03738920e-04       0.00000000e+00       0.00000000e+00       0.00000000e+00
      2.20000000e-01      -1.74403218e+00       2.00000000e+00       2.00000000e+00       2.00000000e+00       2.00000000e+00       1.00000000e+00       1.00000000e+00       1.00000000e+00       1.99977769e+00       2.22310148e-04       0.00000000e+00       0.00000000e+00       0.00000000e+00
      2.30000000e-01      -1.74403218e+00       2.00000000e+00       2.00000000e+00       2.00000000e+00       2.00000000e+00       1.00000000e+00       1.00000000e+00       1.00000000e+00       1.99975849e+00       2.41505861e-04       0.00000000e+00       0.00000000e+00       0.00000000e+00
      2.40000000e-01      -1.74403218e+00       2.00000000e+00       2.00000000e+00       2.00000000e+00       2.00000000e+00       1.00000000e+00       1.00000000e+00       1.00000000e+00       1.99973870e+00       2.61295350e-04       0.00000000e+00       0.00000000e+00       0.00000000e+00
      2.50000000e-01      -1.74403218e+00       2.00000000e+00       2.00000000e+00       2.00000000e+00       2.00000000e+00       1.00000000e+00       1.00000000e+00       1.00000000e+00       1.99971835e+00       2.81646956e-04       0.00000000e+00       0.00000000e+00       0.00000000e+00
      2.60000000e-01      -1.74403218e+00       2.00000000e+00       2.00000000e+00       2.00000000e+00       2.00000000e+00       1.00000000e+00       1.00000000e+00       1.00000000e+00       1.99969747e+00       3.02528122e-04       0.00000000e+00       0.00000000e+00       1.60461922e-17
      2.70000000e-01      -1.74403218e+00       2.00000000e+00       2.00000000e+00       2.00000000e+00       2.00000000e+00       1.00000000e+00       1.00000000e+00       1.00000000e+00       1.99967609e+00       3.23905443e-04       0.00000000e+00       0.00000000e+00       2.60208521e-17
      2.80000000e-01      -1.74403218e+00       2.00000000e+00       2.00000000e+00       2.00000000e+00       2.00000000e+00       1.00000000e+00       1.00000000e+00       1.00000000e+00       1.99965426e+00       3.45744722e-04       0.00000000e+00       5.55111512e-16       3.77302356e-17
      2.90000000e-01      -1.74403218e+00       2.00000000e+00       2.00000000e+00       2.00000000e+00       2.00000000e+00       1.00000000e+00       1.00000000e+00       1.00000000e+00       1.99963199e+00       3.68011023e-04       0.00000000e+00       1.99167939e-16      -4.22362391e-17
      3.00000000e-01      -1.74403218e+00       2.00000000e+00       2.00000000e+00       2.00000000e+00       2.00000000e+00       1.00000000e+00       1.00000000e+00       1.00000000e+00       1.99960933e+00       3.90668727e-04       0.00000000e+00       8.25077853e-17      -2.19415415e-17
      3.10000000e-01      -1.74403218e+00       2.00000000e+00       2.00000000e+00       2.00000000e+00       2.00000000e+00       1.00000000e+00       1.00000000e+00       1.00000000e+00       1.99958632e+00       4.13681591e-04       0.00000000e+00       3.01408204e-17      -1.78014562e-17
      3.20000000e-01      -1.74403218e+00       2.00000000e+00       2.00000000e+00       2.00000000e+00       2.00000000e+00       1.00000000e+00       1.00000000e+00       1.00000000e+00       1.99956299e+00       4.37012803e-04       0.00000000e+00       2.22044605e-16       3.46944695e-17
      3.30000000e-01      -1.74403218e+00       2.00000000e+00       2.00000000e+00       2.00000000e+00       2.00000000e+00       1.00000000e+00       1.00000000e+00       1.00000000e+00       1.99953937e+00       4.60625042e-04       0.00000000e+00       0.00000000e+00       0.00000000e+00
      3.40000000e-01      -1.74403218e+00       2.00000000e+00       2.00000000e+00       2.00000000e+00       2.00000000e+00       1.00000000e+00       1.00000000e+00       1.00000000e+00       1.99951552e+00       4.84480541e-04       0.00000000e+00       1.11022302e-16       5.55111512e-17
      3.50000000e-01      -1.74403218e+00       2.00000000e+00       2.00000000e+00       2.00000000e+00       2.00000000e+00       1.00000000e+00       1.00000000e+00       1.00000000e+00       1.99949146e+00       5.08541140e-04       0.00000000e+00       3.04715021e-16      -5.24951845e-17
      3.60000000e-01      -1.74403218e+00       2.00000000e+00       2.00000000e+00       2.00000000e+00       2.00000000e+00       1.00000000e+00       1.00000000e+00       1.00000000e+00       1.99946723e+00       5.32768356e-04       0.00000000e+00       4.44089210e-16       3.46944695e-17
      3.70000000e-01      -1.74403218e+00       2.00000000e+00       2.00000000e+00       2.00000000e+00       2.00000000e+00       1.00000000e+00       1.00000000e+00       1.00000000e+00       1.99944288e+00       5.57123438e-04       0.00000000e+00       6.66133815e-16       3.20923843e-17
      3.80000000e-01      -1.74403218e+00       2.00000000e+00       2.00000000e+00       2.00000000e+00       2.00000000e+00       1.00000000e+00       1.00000000e+00       1.00000000e+00       1.99941843e+00       5.81567432e-04       0.00000000e+00       3.33066907e-16       4.16333634e-17
      3.90000000e-01      -1.74403218e+00       2.00000000e+00       2.00000000e+00       2.00000000e+00       2.00000000e+00       1.00000000e+00       1.00000000e+00       1.00000000e+00       1.99939394e+00       6.06061241e-04       0.00000000e+00       7.77156117e-16       3.98986399e-17
      4.00000000e-01      -1.74403218e+00       2.00000000e+00       2.00000000e+00       2.00000000e+00       2.00000000e+00       1.00000000e+00       1.00000000e+00       1.00000000e+00       1.99936943e+00       6.30565690e-04       0.00000000e+00       8.88178420e-16       3.68628739e-17
      4.10000000e-01      -1.74403218e+00       2.00000000e+00       2.00000000e+00       2.00000000e+00       2.00000000e+00       1.00000000e+00       1.00000000e+00       1.00000000e+00       1.99934496e+00       6.55041589e-04       0.00000000e+00       1.29312793e-15      -3.75669700e-17
      4.20000000e-01      -1.74403218e+00       2.00000000e+00       2.00000000e+00       2.00000000e+00       2.00000000e+00       1.00000000e+00       1.00000000e+00       1.00000000e+00       1.99932055e+00       6.79449793e-04       0.00000000e+00       1.33226763e-15       5.72458747e-17
      4.30000000e-01      -1.74403218e+00       2.00000000e+00       2.00000000e+00       2.00000000e+00       2.00000000e+00       1.00000000e+00       1.00000000e+00       1.00000000e+00       1.99929625e+00       7.03751266e-04       0.00000000e+00       1.22124533e-15       5.81132364e-17
      4.40000000e-01      -1.74403218e+00       2.00000000e+00       2.00000000e+00       2.00000000e+00       2.00000000e+00       1.00000000e+00       1.00000000e+00       1.00000000e+00       1.99927209e+00       7.27907144e-04       0.00000000e+00       1.11022302e-15       4.94396191e-17
      4.50000000e-01      -1.74403218e+00       2.00000000e+00       2.00000000e+00       2.00000000e+00       2.00000000e+00       1.00000000e+00       1.00000000e+00       1.00000000e+00       1.99924812e+00       7.51878797e-04       0.00000000e+00       6.98659880e-16      -5.30655554e-17
      4.60000000e-01      -1.74403218e+00       2.00000000e+00       2.00000000e+00       2.00000000e+00       2.00000000e+00       1.00000000e+00       1.00000000e+00       1.00000000e+00       1.99922437e+00       7.75627888e-04       0.00000000e+00       8.88178420e-16       5.81132364e-17
      4.70000000e-01      -1.74403218e+00       2.00000000e+00       2.00000000e+00       2.00000000e+00       2.00000000e+00       1.00000000e+00       1.00000000e+00       1.00000000e+00       1.99920088e+00       7.99116441e-04       0.00000000e+00       9.99200722e-16       4.25007252e-17
      4.80000000e-01      -1.74403218e+00       2.00000000e+00       2.00000000e+00       2.00000000e+00       2.00000000e+00       1.00000000e+00       1.00000000e+00       1.00000000e+00       1.99917769e+00       8.22306893e-04       0.00000000e+00       1.16876994e-15      -4.23400007e-17
      4.90000000e-01      -1.74403218e+00       2.00000000e+00       2.00000000e+00       2.00000000e+00       2.00000000e+00       1.00000000e+00       1.00000000e+00       1.00000000e+00       1.99915484e+00       8.45162161e-04       0.00000000e+00       1.29768158e-15      -5.11576136e-17
      5.00000000e-01      -1.74403218e+00       2.00000000e+00       2.00000000e+00       2.00000000e+00       2.00000000e+00       1.00000000e+00       1.00000000e+00       1.00000000e+00       1.99913235e+00       8.67645699e-04       0.00000000e+00       8.05128533e-16      -4.77091308e-17
      5.10000000e-01      -1.74403218e+00       2.00000000e+00       2.00000000e+00       2.00000000e+00       2.00000000e+00       1.00000000e+00       1.00000000e+00       1.00000000e+00       1.99911028e+00       8.89721554e-04       0.00000000e+00       5.96473825e-16      -6.08474588e-17
      5.20000000e-01      -1.74403218e+00       2.00000000e+00       2.00000000e+00       2.00000000e+00       2.00000000e+00       1.00000000e+00       1.00000000e+00       1.00000000e+00       1.99908865e+00       9.11354429e-04       0.00000000e+00       7.77156117e-16       5.98479599e-17
      5.30000000e-01      -1.74403218e+00       2.00000000e+00       2.00000000e+00       2.00000000e+00       2.00000000e+00       1.00000000e+00       1.00000000e+00       1.00000000e+00       1.99906749e+00       9.32509732e-04       0.00000000e+00       7.53628930e-16      -5.74351866e-17
      5.40000000e-01      -1.74403218e+00       2.00000000e+00       2.00000000e+00       2.00000000e+00       2.00000000e+00       1.00000000e+00       1.00000000e+00       1.00000000e+00       1.99904685e+00       9.53153640e-04       0.00000000e+00       5.75657143e-16      -5.51973255e-17
      5.50000000e-01      -1.74403218e+00       2.00000000e+00       2.00000000e+00       2.00000000e+00       2.00000000e+00       1.00000000e+00       1.00000000e+00       1.00000000e+00       1.99902675e+00       9.73253143e-04       0.00000000e+00       4.65068522e-16      -6.14772278e-17
      5.60000000e-01      -1.74403218e+00       2.00000000e+00       2.00000000e+00       2.00000000e+00       2.00000000e+00       1.00000000e+00       1.00000000e+00       1.00000000e+00       1.99900722e+00       9.92776108e-04       0.00000000e+00       4.03648469e-16      -6.12832573e-17
      5.70000000e-01      -1.74403218e+00       2.00000000e+00       2.00000000e+00       2.00000000e+00       2.00000000e+00       1.00000000e+00       1.00000000e+00       1.00000000e+00       1.99898831e+00       1.01169132e-03       0.00000000e+00       1.11022302e-16       5.98479599e-17
      5.80000000e-01      -1.74403218e+00       2.00000000e+00       2.00000000e+00       2.00000000e+00       2.00000000e+00       1.00000000e+00       1.00000000e+00       1.00000000e+00       1.99897003e+00       1.02996854e-03       0.00000000e+00       0.00000000e+00       0.00000000e+00
      5.90000000e-01      -1.74403218e+00       2.00000000e+00       2.00000000e+00       2.00000000e+00       2.00000000e+00       1.00000000e+00       1.00000000e+00       1.00000000e+00       1.99895242e+00       1.04757854e-03       0.00000000e+00       0.00000000e+00       0.00000000e+00
      6.00000000e-01      -1.74403218e+00       2.00000000e+00       2.00000000e+00       2.00000000e+00       2.00000000e+00       1.00000000e+00       1.00000000e+00       1.00000000e+00       1.99893551e+00       1.06449318e-03       0.00000000e+00       0.00000000e+00       0.00000000e+00
      6.10000000e-01      -1.74403218e+00       2.00000000e+00       2.00000000e+00       2.00000000e+00       2.00000000e+00       1.00000000e+00       1.00000000e+00       1.00000000e+00       1.99891931e+00       1.08068541e-03       0.00000000e+00       0.00000000e+00       0.00000000e+00
      6.20000000e-01      -1.74403218e+00       2.00000000e+00       2.00000000e+00       2.00000000e+00       2.00000000e+00       1.00000000e+00       1.00000000e+00       1.00000000e+00       1.99890387e+00       1.09612935e-03       0.00000000e+00       1.53306187e-16      -3.52039598e-17
      6.30000000e-01      -1.74403218e+00       2.00000000e+00       2.00000000e+00       2.00000000e+00       2.00000000e+00       1.00000000e+00       1.00000000e+00       1.00000000e+00       1.99888920e+00       1.11080031e-03       0.00000000e+00       1.11022302e-16       3.98986399e-17
      6.40000000e-01      -1.74403218e+00       2.00000000e+00       2.00000000e+00       2.00000000e+00       2.00000000e+00       1.00000000e+00       1.00000000e+00       1.00000000e+00       1.99887533e+00       1.12467484e-03       0.00000000e+00       0.00000000e+00       0.00000000e+00
      6.50000000e-01      -1.74403218e+00       2.00000000e+00       2.00000000e+00       2.00000000e+00       2.00000000e+00       1.00000000e+00       1.00000000e+00       1.00000000e+00       1.99886227e+00       1.13773076e-03       0.00000000e+00       0.00000000e+00       0.00000000e+00
      6.60000000e-01      -1.74403218e+00       2.00000000e+00       2.00000000e+00       2.00000000e+00       2.00000000e+00       1.00000000e+00       1.00000000e+00       1.00000000e+00       1.99885005e+00       1.14994721e-03       0.00000000e+00       0.00000000e+00       0.00000000e+00
      6.70000000e-01      -1.74403218e+00       2.00000000e+00       2.00000000e+00       2.00000000e+00       2.00000000e+00       1.00000000e+00       1.00000000e+00       1.00000000e+00       1.99883870e+00       1.16130465e-03       0.00000000e+00       0.00000000e+00       0.00000000e+00
      6.80000000e-01      -1.74403218e+00       2.00000000e+00       2.00000000e+00       2.00000000e+00       2.00000000e+00       1.00000000e+00       1.00000000e+00       1.00000000e+00       1.99882822e+00       1.17178493e-03       0.00000000e+00       0.00000000e+00       0.00000000e+00
      6.90000000e-01      -1.74403218e+00       2.00000000e+00       2.00000000e+00       2.00000000e+00       2.00000000e+00       1.00000000e+00       1.00000000e+00       1.00000000e+00       1.99881863e+00       1.18137131e-03       0.00000000e+00       0.00000000e+00       0.00000000e+00
      7.00000000e-01      -1.74403218e+00       2.00000000e+00       2.00000000e+00       2.00000000e+00       2.00000000e+00       1.00000000e+00       1.00000000e+00       1.00000000e+00       1.99880995e+00       1.19004847e-03       0.00000000e+00       0.00000000e+00       0.00000000e+00
      7.10000000e-01      -1.74403218e+00       2.00000000e+00       2.00000000e+00       2.00000000e+00       2.00000000e+00       1.00000000e+00       1.00000000e+00       1.00000000e+00       1.99880220e+00       1.19780253e-03       0.00000000e+00       0.00000000e+00       0.00000000e+00
      7.20000000e-01      -1.74403218e+00       2.00000000e+00       2.00000000e+00       2.00000000e+00       2.00000000e+00       1.00000000e+00       1.00000000e+00       1.00000000e+00       1.99879538e+00       1.20462111e-03       0.00000000e+00       0.00000000e+00       0.00000000e+00
      7.30000000e-01      -1.74403218e+00       2.00000000e+00       2.00000000e+00       2.00000000e+00       2.00000000e+00       1.00000000e+00       1.00000000e+00       1.00000000e+00       1.99878951e+00       1.21049332e-03       0.00000000e+00       0.00000000e+00       0.00000000e+00
      7.40000000e-01      -1.74403218e+00       2.00000000e+00       2.00000000e+00       2.00000000e+00       2.00000000e+00       1.00000000e+00       1.00000000e+00       1.00000000e+00       1.99878459e+00       1.21540977e-03       0.00000000e+00       0.00000000e+00       0.00000000e+00
      7.50000000e-01      -1.74403218e+00       2.00000000e+00       2.00000000e+00       2.00000000e+00       2.00000000e+00       1.00000000e+00       1.00000000e+00       1.00000000e+00       1.99878064e+00       1.21936260e-03       0.00000000e+00       0.00000000e+00       1.04083409e-16
      7.60000000e-01      -1.74403218e+00       2.00000000e+00       2.00000000e+00       2.00000000e+00       2.00000000e+00       1.00000000e+00       1.00000000e+00       1.00000000e+00       1.99877765e+00       1.22234552e-03       0.00000000e+00       0.00000000e+00       0.00000000e+00
      7.70000000e-01      -1.74403218e+00       2.00000000e+00       2.00000000e+00       2.00000000e+00       2.00000000e+00       1.00000000e+00       1.00000000e+00       1.00000000e+00       1.99877565e+00       1.22435375e-03       0.00000000e+00       2.22044605e-16       1.07552856e-16
      7.80000000e-01      -1.74403218e+00       2.00000000e+00       2.00000000e+00       2.00000000e+00       2.00000000e+00       1.00000000e+00       1.00000000e+00       1.00000000e+00       1.99877462e+00       1.22538409e-03       0.00000000e+00       1.11022302e-16       1.16226473e-16
      7.90000000e-01      -1.74403218e+00       2.00000000e+00       2.00000000e+00       2.00000000e+00       2.00000000e+00       1.00000000e+00       1.00000000e+00       1.00000000e+00       1.99877457e+00       1.22543490e-03       0.00000000e+00       0.00000000e+00       0.00000000e+00
      8.00000000e-01      -1.74403218e+00       2.00000000e+00       2.00000000e+00       2.00000000e+00       2.00000000e+00       1.00000000e+00       1.00000000e+00       1.00000000e+00       1.99877549e+00       1.22450611e-03       0.00000000e+00       0.00000000e+00       9.88792381e-17
      8.10000000e-01      -1.74403218e+00       2.00000000e+00       2.00000000e+00       2.00000000e+00       2.00000000e+00       1.00000000e+00       1.00000000e+00       1.00000000e+00       1.99877740e+00       1.22259920e-03       0.00000000e+00       0.00000000e+00       8.67361738e-17
      8.20000000e-01      -1.74403218e+00       2.00000000e+00       2.00000000e+00       2.00000000e+00       2.00000000e+00       1.00000000e+00       1.00000000e+00       1.00000000e+00       1.99878028e+00       1.21971724e-03       0.00000000e+00       0.00000000e+00       0.00000000e+00
      8.30000000e-01      -1.74403218e+00       2.00000000e+00       2.00000000e+00       2.00000000e+00       2.00000000e+00       1.00000000e+00       1.00000000e+00       1.00000000e+00       1.99878414e+00       1.21586484e-03       0.00000000e+00       0.00000000e+00       0.00000000e+00
      8.40000000e-01      -1.74403218e+00       2.00000000e+00       2.00000000e+00       2.00000000e+00       2.00000000e+00       1.00000000e+00       1.00000000e+00       1.00000000e+00       1.99878895e+00       1.21104817e-03       0.00000000e+00       1.11022302e-16       7.63278329e-17
      8.50000000e-01      -1.74403218e+00       2.00000000e+00       2.00000000e+00       2.00000000e+00       2.00000000e+00       1.00000000e+00       1.00000000e+00       1.00000000e+00       1.99879473e+00       1.20527492e-03       0.00000000e+00       3.33066907e-16       8.84708973e-17
      8.60000000e-01      -1.74403218e+00       2.00000000e+00       2.00000000e+00       2.00000000e+00       2.00000000e+00       1.00000000e+00       1.00000000e+00       1.00000000e+00       1.99880145e+00       1.19855434e-03       0.00000000e+00       3.33066907e-16       8.41340886e-17
      8.70000000e-01      -1.74403218e+00       2.00000000e+00       2.00000000e+00       2.00000000e+00       2.00000000e+00       1.00000000e+00       1.00000000e+00       1.00000000e+00       1.99880910e+00       1.19089718e-03       0.00000000e+00       5.55111512e-16       9.45424294e-17
      8.80000000e-01      -1.74403218e+00       2.00000000e+00       2.00000000e+00       2.00000000e+00       2.00000000e+00       1.00000000e+00       1.00000000e+00       1.00000000e+00       1.99881768e+00       1.18231568e-03       0.00000000e+00       6.95407273e-16      -9.45847811e-17
      8.90000000e-01      -1.74403218e+00       2.00000000e+00       2.00000000e+00       2.00000000e+00       2.00000000e+00       1.00000000e+00       1.00000000e+00       1.00000000e+00       1.99882718e+00       1.17282357e-03       0.00000000e+00       7.26740716e-16      -1.02747638e-16
      9.00000000e-01      -1.74403218e+00       2.00000000e+00       2.00000000e+00       2.00000000e+00       2.00000000e+00       1.00000000e+00       1.00000000e+00       1.00000000e+00       1.99883756e+00       1.16243604e-03       0.00000000e+00       5.85360753e-16      -1.10638173e-16
      9.10000000e-01      -1.74403218e+00       2.00000000e+00       2.00000000e+00       2.00000000e+00       2.00000000e+00       1.00000000e+00       1.00000000e+00       1.00000000e+00       1.99884883e+00       1.15116968e-03       0.00000000e+00       8.88178420e-16       1.07552856e-16
      9.20000000e-01      -1.74403218e+00       2.00000000e+00       2.00000000e+00       2.00000000e+00       2.00000000e+00       1.00000000e+00       1.00000000e+00       1.00000000e+00       1.99886096e+00       1.13904253e-03       0.00000000e+00       9.99200722e-16       1.11889664e-16
      9.30000000e-01      -1.74403218e+00       2.00000000e+00       2.00000000e+00       2.00000000e+00       2.00000000e+00       1.00000000e+00       1.00000000e+00       1.00000000e+00       1.99887393e+00       1.12607397e-03       0.00000000e+00       9.42605369e-16      -1.31844490e-16
      9.40000000e-01      -1.74403218e+00       2.00000000e+00       2.00000000e+00       2.00000000e+00       2.00000000e+00       1.00000000e+00       1.00000000e+00       1.00000000e+00       1.99888772e+00       1.11228473e-03       0.00000000e+00       1.22124533e-15       1.31838984e-16
      9.50000000e-01      -1.74403218e+00       2.00000000e+00       2.00000000e+00       2.00000000e+00       2.00000000e+00       1.00000000e+00       1.00000000e+00       1.00000000e+00       1.99890230e+00       1.09769688e-03       0.00000000e+00       1.24173675e-15      -1.28368690e-16
      9.60000000e-01      -1.74403218e+00       2.00000000e+00       2.00000000e+00       2.00000000e+00       2.00000000e+00       1.00000000e+00       1.00000000e+00       1.00000000e+00       1.99891767e+00       1.08233374e-03       0.00000000e+00       1.68279019e-15      -1.21353563e-16
      9.70000000e-01      -1.74403218e+00       2.00000000e+00       2.00000000e+00       2.00000000e+00       2.00000000e+00       1.00000000e+00       1.00000000e+00       1.00000000e+00       1.99893378e+00       1.06621987e-03       0.00000000e+00       1.89410120e-15      -1.14531983e-16
      9.80000000e-01      -1.74403218e+00       2.00000000e+00       2.00000000e+00       2.00000000e+00       2.00000000e+00       1.00000000e+00       1.00000000e+00       1.00000000e+00       1.99895062e+00       1.04938104e-03       0.00000000e+00       1.67389973e-15      -1.00956586e-16
      9.90000000e-01      -1.74403218e+00       2.00000000e+00       2.00000000e+00       2.00000000e+00       2.00000000e+00       1.00000000e+00       1.00000000e+00       1.00000000e+00       1.99896816e+00       1.03184417e-03       0.00000000e+00       1.81723126e-15      -1.04699625e-16
      1.00000000e+00      -1.74403218e+00       2.00000000e+00       2.00000000e+00       2.00000000e+00       2.00000000e+00       1.00000000e+00       1.00000000e+00       1.00000000e+00       1.99898636e+00       1.01363730e-03       0.00000000e+00       1.66533454e-15       9.80118764e-17
      1.01000000e+00      -1.74403218e+00       2.00000000e+00       2.00000000e+00       2.00000000e+00       2.00000000e+00       1.00000000e+00       1.00000000e+00       1.00000000e+00       1.99900521e+00       9.94789549e-04       0.00000000e+00       1.37932200e-15      -9.18171009e-17
      1.02000000e+00      -1.74403218e+00       2.00000000e+00       2.00000000e+00       2.00000000e+00       2.00000000e+00       1.00000000e+00       1.00000000e+00       1.00000000e+00       1.99902467e+00       9.75331049e-04       0.00000000e+00       1.36370949e-15      -7.16975273e-17
      1.03000000e+00      -1.74403218e+00       2.00000000e+00       2.00000000e+00       2.00000000e+00       2.00000000e+00       1.00000000e+00       1.00000000e+00       1.00000000e+00       1.99904471e+00       9.55292913e-04       0.00000000e+00       1.39688608e-15      -5.93922562e-17
      1.04000000e+00      -1.74403218e+00       2.00000000e+00       2.00000000e+00       2.00000000e+00       2.00000000e+00       1.00000000e+00       1.00000000e+00       1.00000000e+00       1.99906529e+00       9.34707181e-04       0.00000000e+00       1.99840144e-15       5.20417043e-17
      1.05000000e+00      -1.74403218e+00       2.00000000e+00       2.00000000e+00       2.00000000e+00       2.00000000e+00       1.00000000e+00       1.00000000e+00       1.00000000e+00       1.99908639e+00       9.13606766e-04       0.00000000e+00       1.88737914e-15       4.59701721e-17
      1.06000000e+00      -1.74403218e+00       2.00000000e+00       2.00000000e+00       2.00000000e+00       2.00000000e+00       1.00000000e+00       1.00000000e+00       1.00000000e+00       1.99910797e+00       8.92025406e-04       0.00000000e+00       2.51426484e-15      -4.93333164e-17
      1.07000000e+00      -1.74403218e+00       2.00000000e+00       2.00000000e+00       2.00000000e+00       2.00000000e+00       1.00000000e+00       1.00000000e+00       1.00000000e+00       1.99913000e+00       8.69997608e-04       0.00000000e+00       2.44249065e-15       4.77048956e-17
      1.08000000e+00      -1.74403218e+00       2.00000000e+00       2.00000000e+00       2.00000000e+00       2.00000000e+00       1.00000000e+00       1.00000000e+00       1.00000000e+00       1.99915244e+00       8.47558592e-04       0.00000000e+00       2.10942375e-15       3.29597460e-17
      1.09000000e+00      -1.74403218e+00       2.00000000e+00       2.00000000e+00       2.00000000e+00       2.00000000e+00       1.00000000e+00       1.00000000e+00       1.00000000e+00       1.99917526e+00       8.24744235e-04       0.00000000e+00       2.33146835e-15       1.90819582e-17
      1.10000000e+00      -1.74403218e+00       2.00000000e+00       2.00000000e+00       2.00000000e+00       2.00000000e+00       1.00000000e+00       1.00000000e+00       1.00000000e+00       1.99919841e+00       8.01591016e-04       0.00000000e+00       2.53860518e-15      -2.46973632e-18
      1.11000000e+00      -1.74403218e+00       2.00000000e+00       2.00000000e+00       2.00000000e+00       2.00000000e+00       1.00000000e+00       1.00000000e+00       1.00000000e+00       1.99922186e+00       7.78135954e-04       0.00000000e+00       2.49718865e-15      -1.52146176e-17
      1.12000000e+00      -1.74403218e+00       2.00000000e+00       2.00000000e+00       2.00000000e+00       2.00000000e+00       1.00000000e+00       1.00000000e+00       1.00000000e+00       1.99924558e+00       7.54416551e-04       0.00000000e+00       2.61140935e-15      -2.44851814e-17
      1.13000000e+00      -1.74403218e+00       2.00000000e+00       2.00000000e+00       2.00000000e+00       2.00000000e+00       1.00000000e+00       1.00000000e+00       1.00000000e+00       1.99926953e+00       7.30470734e-04       0.00000000e+00       2.23714276e-15      -2.85306108e-17
      1.14000000e+00      -1.74403218e+00       2.00000000e+00       2.00000000e+00       2.00000000e+00       2.00000000e+00       1.00000000e+00       1.00000000e+00       1.00000000e+00       1.99929366e+00       7.06336788e-04       0.00000000e+00       2.37163804e-15      -3.31933154e-17
      1.15000000e+00      -1.74403218e+00       2.00000000e+00       2.00000000e+00       2.00000000e+00       2.00000000e+00       1.00000000e+00       1.00000000e+00       1.00000000e+00       1.99931795e+00       6.82053303e-04       0.00000000e+00       1.99840144e-15       4.33680869e-17
      1.16000000e+00      -1.74403218e+00       2.00000000e+00       2.00000000e+00       2.00000000e+00       2.00000000e+00       1.00000000e+00       1.00000000e+00       1.00000000e+00       1.99934234e+00       6.57659106e-04       0.00000000e+00       1.85268467e-15      -4.35154706e-17
      1.17000000e+00      -1.74403218e+00       2.00000000e+00       2.00000000e+00       2.00000000e+00       2.00000000e+00       1.00000000e+00       1.00000000e+00       1.00000000e+00       1.99936681e+00       6.33193202e-04       0.00000000e+00       2.21589240e-15      -4.43523392e-17
      1.18000000e+00      -1.74403218e+00       2.00000000e+00       2.00000000e+00       2.00000000e+00       2.00000000e+00       1.00000000e+00       1.00000000e+00       1.00000000e+00       1.99939131e+00       6.08694711e-04       0.00000000e+00       1.89616118e-15      -4.82590669e-17
      1.19000000e+00      -1.74403218e+00       2.00000000e+00       2.00000000e+00       2.00000000e+00       2.00000000e+00       1.00000000e+00       1.00000000e+00       1.00000000e+00       1.99941580e+00       5.84202804e-04       0.00000000e+00       2.22044605e-15       3.72965547e-17
      1.20000000e+00      -1.74403218e+00       2.00000000e+00       2.00000000e+00       2.00000000e+00       2.00000000e+00       1.00000000e+00       1.00000000e+00       1.00000000e+00       1.99944024e+00       5.59756644e-04       0.00000000e+00       1.77635684e-15       3.90312782e-17
      1.21000000e+00      -1.74403218e+00       2.00000000e+00       2.00000000e+00       2.00000000e+00       2.00000000e+00       1.00000000e+00       1.00000000e+00       1.00000000e+00       1.99946460e+00       5.35395319e-04       0.00000000e+00       1.88737914e-15       3.20923843e-17
      1.22000000e+00      -1.74403218e+00       2.00000000e+00       2.00000000e+00       2.00000000e+00       2.00000000e+00       1.00000000e+00       1.00000000e+00       1.00000000e+00       1.99948884e+00       5.11157783e-04       0.00000000e+00       1.67661024e-15      -3.58828567e-17
      1.23000000e+00      -1.74403218e+00       2.00000000e+00       2.00000000e+00       2.00000000e+00       2.00000000e+00       1.00000000e+00       1.00000000e+00       1.00000000e+00       1.99951292e+00       4.87082791e-04       0.00000000e+00       1.58578120e-15      -2.48477115e-17
      1.24000000e+00      -1.74403218e+00       2.00000000e+00       2.00000000e+00       2.00000000e+00       2.00000000e+00       1.00000000e+00       1.00000000e+00       1.00000000e+00       1.99953679e+00       4.63208841e-04       0.00000000e+00       1.79118330e-15      -2.54855273e-17
      1.25000000e+00      -1.74403218e+00       2.00000000e+00       2.00000000e+00       2.00000000e+00       2.00000000e+00       1.00000000e+00       1.00000000e+00       1.00000000e+00       1.99956043e+00       4.39574107e-04       0.00000000e+00       1.77635684e-15       2.25514052e-17
      1.26000000e+00      -1.74403218e+00       2.00000000e+00       2.00000000e+00       2.00000000e+00       2.00000000e+00       1.00000000e+00       1.00000000e+00       1.00000000e+00       1.99958378e+00       4.16216382e-04       0.00000000e+00       2.00159984e-15      -3.43459155e-17
      1.27000000e+00      -1.74403218e+00       2.00000000e+00       2.00000000e+00       2.00000000e+00       2.00000000e+00       1.00000000e+00       1.00000000e+00       1.00000000e+00       1.99960683e+00       3.93173016e-04       0.00000000e+00       1.96311066e-15      -2.30724363e-17
      1.28000000e+00      -1.74403218e+00       2.00000000e+00       2.00000000e+00       2.00000000e+00       2.00000000e+00       1.00000000e+00       1.00000000e+00       1.00000000e+00       1.99962952e+00       3.70480857e-04       0.00000000e+00       2.23283306e-15      -1.55067380e-17
      1.29000000e+00      -1.74403218e+00       2.00000000e+00       2.00000000e+00       2.00000000e+00       2.00000000e+00       1.00000000e+00       1.00000000e+00       1.00000000e+00       1.99965182e+00       3.48176193e-04       0.00000000e+00       2.10942375e-15       7.80625564e-18
      1.30000000e+00      -1.74403218e+00       2.00000000e+00       2.00000000e+00       2.00000000e+00       2.00000000e+00       1.00000000e+00       1.00000000e+00       1.00000000e+00       1.99967371e+00       3.26294691e-04       0.00000000e+00       2.10942375e-15      -3.46944695e-18
      1.31000000e+00      -1.74403218e+00       2.00000000e+00       2.00000000e+00       2.00000000e+00       2.00000000e+00       1.00000000e+00       1.00000000e+00       1.00000000e+00       1.99969513e+00       3.04871341e-04       0.00000000e+00       2.33146835e-15      -8.67361738e-18
      1.32000000e+00      -1.74403218e+00       2.00000000e+00       2.00000000e+00       2.00000000e+00       2.00000000e+00       1.00000000e+00       1.00000000e+00       1.00000000e+00       1.99971606e+00       2.83940403e-04       0.00000000e+00       2.14316954e-15       2.69430593e-18
      1.33000000e+00      -1.74403218e+00       2.00000000e+00       2.00000000e+00       2.00000000e+00       2.00000000e+00       1.00000000e+00       1.00000000e+00       1.00000000e+00       1.99973646e+00       2.63535349e-04       0.00000000e+00       2.14959344e-15       1.11074607e-17
      1.34000000e+00      -1.74403218e+00       2.00000000e+00       2.00000000e+00       2.00000000e+00       2.00000000e+00       1.00000000e+00       1.00000000e+00       1.00000000e+00       1.99975631e+00       2.43688810e-04       0.00000000e+00       2.22044605e-15      -1.64798730e-17
      1.35000000e+00      -1.74403218e+00       2.00000000e+00       2.00000000e+00       2.00000000e+00       2.00000000e+00       1.00000000e+00       1.00000000e+00       1.00000000e+00       1.99977557e+00       2.24432524e-04       0.00000000e+00       2.00149142e-15       2.51462906e-17
      1.36000000e+00      -1.74403218e+00       2.00000000e+00       2.00000000e+00       2.00000000e+00       2.00000000e+00       1.00000000e+00       1.00000000e+00       1.00000000e+00       1.99979420e+00       2.05797287e-04       0.00000000e+00       1.78614176e-15       2.83091116e-17
      1.37000000e+00      -1.74403218e+00       2.00000000e+00       2.00000000e+00       2.00000000e+00       2.00000000e+00       1.00000000e+00       1.00000000e+00       1.00000000e+00       1.99981219e+00       1.87812901e-04       0.00000000e+00       1.66533454e-15      -4.16333634e-17
      1.38000000e+00      -1.74403218e+00       2.00000000e+00       2.00000000e+00       2.00000000e+00       2.00000000e+00       1.00000000e+00       1.00000000e+00       1.00000000e+00       1.99982949e+00       1.70508127e-04       0.00000000e+00       1.64850230e-15       5.40661660e-17
      1.39000000e+00      -1.74403218e+00       2.00000000e+00       2.00000000e+00       2.00000000e+00       2.00000000e+00       1.00000000e+00       1.00000000e+00       1.00000000e+00       1.99984609e+00       1.53910641e-04       0.00000000e+00       1.37433467e-15       5.33900219e-17
      1.40000000e+00      -1.74403218e+00       2.00000000e+00       2.00000000e+00       2.00000000e+00       2.00000000e+00       1.00000000e+00       1.00000000e+00       1.00000000e+00       1.99986195e+00       1.38046988e-04       0.00000000e+00       1.99840144e-15      -5.89805982e-17
      1.41000000e+00      -1.74403218e+00       2.00000000e+00       2.00000000e+00       2.00000000e+00       2.00000000e+00       1.00000000e+00       1.00000000e+00       1.00000000e+00       1.99987706e+00       1.22942538e-04       0.00000000e+00       1.44328993e-15      -6.50521303e-17
      1.42000000e+00      -1.74403218e+00       2.00000000e+00       2.00000000e+00       2.00000000e+00       2.00000000e+00       1.00000000e+00       1.00000000e+00       1.00000000e+00       1.99989138e+00       1.08621450e-04       0.00000000e+00       1.58930486e-15       7.51205463e-17
      1.43000000e+00      -1.74403218e+00       2.00000000e+00       2.00000000e+00       2.00000000e+00       2.00000000e+00       1.00000000e+00       1.00000000e+00       1.00000000e+00       1.99990489e+00       9.51066278e-05       0.00000000e+00       1.38495308e-15       8.22484080e-17
      1.44000000e+00      -1.74403218e+00       2.00000000e+00       2.00000000e+00       2.00000000e+00       2.00000000e+00       1.00000000e+00       1.00000000e+00       1.00000000e+00       1.99991758e+00       8.24196885e-05       0.00000000e+00       1.36599987e-15       9.28146410e-17
      1.45000000e+00      -1.74403218e+00       2.00000000e+00       2.00000000e+00       2.00000000e+00       2.00000000e+00       1.00000000e+00       1.00000000e+00       1.00000000e+00       1.99992942e+00       7.05809241e-05       0.00000000e+00       1.33226763e-15      -9.62771529e-17
      1.46000000e+00      -1.74403218e+00       2.00000000e+00       2.00000000e+00       2.00000000e+00       2.00000000e+00       1.00000000e+00       1.00000000e+00       1.00000000e+00       1.99994039e+00       5.96092710e-05       0.00000000e+00       1.66533454e-15      -1.03216047e-16
      1.47000000e+00      -1.74403218e+00       2.00000000e+00       2.00000000e+00       2.00000000e+00       2.00000000e+00       1.00000000e+00       1.00000000e+00       1.00000000e+00       1.99995048e+00       4.95222789e-05       0.00000000e+00       1.55431223e-15      -1.11022302e-16
      1.48000000e+00      -1.74403218e+00       2.00000000e+00       2.00000000e+00       2.00000000e+00       2.00000000e+00       1.00000000e+00       1.00000000e+00       1.00000000e+00       1.99995966e+00       4.03360831e-05       0.00000000e+00       1.55431223e-15      -1.21430643e-16
      1.49000000e+00      -1.74403218e+00       2.00000000e+00       2.00000000e+00       2.00000000e+00       2.00000000e+00       1.00000000e+00       1.00000000e+00       1.00000000e+00       1.99996793e+00       3.20653786e-05       0.00000000e+00       1.68076409e-15       1.27461399e-16
      1.50000000e+00      -1.74403218e+00       2.00000000e+00       2.00000000e+00       2.00000000e+00       2.00000000e+00       1.00000000e+00       1.00000000e+00       1.00000000e+00       1.99997528e+00       2.47233963e-05       0.00000000e+00       1.88737914e-15      -1.32706346e-16
      1.51000000e+00      -1.74403218e+00       2.00000000e+00       2.00000000e+00       2.00000000e+00       2.00000000e+00       1.00000000e+00       1.00000000e+00       1.00000000e+00       1.99998168e+00       1.83218823e-05       0.00000000e+00       1.50426783e-15       1.40999804e-16
      1.52000000e+00      -1.74403218e+00       2.00000000e+00       2.00000000e+00       2.00000000e+00       2.00000000e+00       1.00000000e+00       1.00000000e+00       1.00000000e+00       1.99998713e+00       1.28710786e-05       0.00000000e+00       1.88737914e-15      -1.47451495e-16
      1.53000000e+00      -1.74403218e+00       2.00000000e+00       2.00000000e+00       2.00000000e+00       2.00000000e+00       1.00000000e+00       1.00000000e+00       1.00000000e+00       1.99999162e+00       8.37970721e-06       0.00000000e+00       1.88737914e-15      -1.54390389e-16
      1.54000000e+00      -1.74403218e+00       2.00000000e+00       2.00000000e+00       2.00000000e+00       2.00000000e+00       1.00000000e+00       1.00000000e+00       1.00000000e+00       1.99999515e+00       4.85495561e-06       0.00000000e+00       2.10942375e-15      -1.62196645e-16
      1.55000000e+00      -1.74403218e+00       2.00000000e+00       2.00000000e+00       2.00000000e+00       2.00000000e+00       1.00000000e+00       1.00000000e+00       1.00000000e+00       1.99999770e+00       2.30246568e-06       0.00000000e+00       1.99840144e-15      -1.70870262e-16
      1.56000000e+00      -1.74403218e+00       2.00000000e+00       2.00000000e+00       2.00000000e+00       2.00000000e+00       1.00000000e+00       1.00000000e+00       1.00000000e+00       1.99999927e+00       7.26324471e-07       0.00000000e+00       1.77635684e-15      -1.80411242e-16
      1.57000000e+00      -1.74403218e+00       2.00000000e+00       2.00000000e+00       2.00000000e+00       2.00000000e+00       1.00000000e+00       1.00000000e+00       1.00000000e+00       1.99999987e+00       1.29057663e-07       0.00000000e+00       1.88737914e-15      -1.85615412e-16
      1.58000000e+00      -1.74403218e+00       2.00000000e+00       2.00000000e+00       2.00000000e+00       2.00000000e+00       1.00000000e+00       1.00000000e+00       1.00000000e+00       1.99999949e+00       5.11625518e-07       0.00000000e+00       2.20372641e-15       1.93110869e-16
      1.59000000e+00      -1.74403218e+00       2.00000000e+00       2.00000000e+00       2.00000000e+00       2.00000000e+00       1.00000000e+00       1.00000000e+00       1.00000000e+00       1.99999813e+00       1.87342132e-06       0.00000000e+00       2.29720195e-15       1.98423389e-16
      1.60000000e+00      -1.74403218e+00       2.00000000e+00       2.00000000e+00       2.00000000e+00       2.00000000e+00       1.00000000e+00       1.00000000e+00       1.00000000e+00       1.99999579e+00       4.21227231e-06       0.00000000e+00       2.37155546e-15       2.08018095e-16
      1.61000000e+00      -1.74403218e+00       2.00000000e+00       2.00000000e+00       2.00000000e+00       2.00000000e+00       1.00000000e+00       1.00000000e+00       1.00000000e+00       1.99999248e+00       7.52444315e-06       0.00000000e+00       2.26111718e-15       2.18126045e-16
      1.62000000e+00      -1.74403218e+00       2.00000000e+00       2.00000000e+00       2.00000000e+00       2.00000000e+00       1.00000000e+00       1.00000000e+00       1.00000000e+00       1.99998820e+00       1.18046419e-05       0.00000000e+00       2.03471798e-15       2.25913653e-16
      1.63000000e+00      -1.74403218e+00       2.00000000e+00       2.00000000e+00       2.00000000e+00       2.00000000e+00       1.00000000e+00       1.00000000e+00       1.00000000e+00       1.99998295e+00       1.70460284e-05       0.00000000e+00       1.98063916e-15       2.28757076e-16
      1.64000000e+00      -1.74403218e+00       2.00000000e+00       2.00000000e+00       2.00000000e+00       2.00000000e+00       1.00000000e+00       1.00000000e+00       1.00000000e+00       1.99997676e+00       2.32402252e-05       0.00000000e+00       2.02696170e-15       2.34311700e-16
      1.65000000e+00      -1.74403218e+00       2.00000000e+00       2.00000000e+00       2.00000000e+00       2.00000000e+00       1.00000000e+00       1.00000000e+00       1.00000000e+00       1.99996962e+00       3.03773310e-05       0.00000000e+00       2.88657986e-15      -2.41126563e-16
      1.66000000e+00      -1.74403218e+00       2.00000000e+00       2.00000000e+00       2.00000000e+00       2.00000000e+00       1.00000000e+00       1.00000000e+00       1.00000000e+00       1.99996155e+00       3.84459364e-05       0.00000000e+00       2.66453526e-15      -2.47198095e-16
      1.67000000e+00      -1.74403218e+00       2.00000000e+00       2.00000000e+00       2.00000000e+00       2.00000000e+00       1.00000000e+00       1.00000000e+00       1.00000000e+00       1.99995257e+00       4.74331422e-05       0.00000000e+00       2.38813147e-15       2.50205856e-16
      1.68000000e+00      -1.74403218e+00       2.00000000e+00       2.00000000e+00       2.00000000e+00       2.00000000e+00       1.00000000e+00       1.00000000e+00       1.00000000e+00       1.99994268e+00       5.73245799e-05       0.00000000e+00       2.66453526e-15      -2.65412692e-16
      1.69000000e+00      -1.74403218e+00       2.00000000e+00       2.00000000e+00       2.00000000e+00       2.00000000e+00       1.00000000e+00       1.00000000e+00       1.00000000e+00       1.99993190e+00       6.81044346e-05       0.00000000e+00       2.55351296e-15      -2.73218947e-16
      1.70000000e+00      -1.74403218e+00       2.00000000e+00       2.00000000e+00       2.00000000e+00       2.00000000e+00       1.00000000e+00       1.00000000e+00       1.00000000e+00       1.99992024e+00       7.97554707e-05       0.00000000e+00       2.88657986e-15      -2.69749501e-16
      1.71000000e+00      -1.74403218e+00       2.00000000e+00       2.00000000e+00       2.00000000e+00       2.00000000e+00       1.00000000e+00       1.00000000e+00       1.00000000e+00       1.99990774e+00       9.22590587e-05       0.00000000e+00       2.55351296e-15      -2.73218947e-16
      1.72000000e+00      -1.74403218e+00       2.00000000e+00       2.00000000e+00       2.00000000e+00       2.00000000e+00       1.00000000e+00       1.00000000e+00       1.00000000e+00       1.99989440e+00       1.05595206e-04       0.00000000e+00       2.51729383e-15       2.85287314e-16
      1.73000000e+00      -1.74403218e+00       2.00000000e+00       2.00000000e+00       2.00000000e+00       2.00000000e+00       1.00000000e+00       1.00000000e+00       1.00000000e+00       1.99988026e+00       1.19742587e-04       0.00000000e+00       2.75083775e-15       2.93267741e-16
      1.74000000e+00      -1.74403218e+00       2.00000000e+00       2.00000000e+00       2.00000000e+00       2.00000000e+00       1.00000000e+00       1.00000000e+00       1.00000000e+00       1.99986532e+00       1.34678581e-04       0.00000000e+00       3.01719912e-15       2.89910155e-16
      1.75000000e+00      -1.74403218e+00       2.00000000e+00       2.00000000e+00       2.00000000e+00       2.00000000e+00       1.00000000e+00       1.00000000e+00       1.00000000e+00       1.99984962e+00       1.50379302e-04       0.00000000e+00       3.44169138e-15      -2.91433544e-16
      1.76000000e+00      -1.74403218e+00       2.00000000e+00       2.00000000e+00       2.00000000e+00       2.00000000e+00       1.00000000e+00       1.00000000e+00       1.00000000e+00       1.99983318e+00       1.66819644e-04       0.00000000e+00       2.99397009e-15       2.96202604e-16
      1.77000000e+00      -1.74403218e+00       2.00000000e+00       2.00000000e+00       2.00000000e+00       2.00000000e+00       1.00000000e+00       1.00000000e+00       1.00000000e+00       1.99981603e+00       1.83973317e-04       0.00000000e+00       2.95477618e-15       3.04063599e-16
      1.78000000e+00      -1.74403218e+00       2.00000000e+00       2.00000000e+00       2.00000000e+00       2.00000000e+00       1.00000000e+00       1.00000000e+00       1.00000000e+00       1.99979819e+00       2.01812889e-04       0.00000000e+00       3.21964677e-15      -3.07913417e-16
      1.79000000e+00      -1.74403218e+00       2.00000000e+00       2.00000000e+00       2.00000000e+00       2.00000000e+00       1.00000000e+00       1.00000000e+00       1.00000000e+00       1.99977969e+00       2.20309831e-04       0.00000000e+00       3.13881950e-15       3.09070040e-16
      1.80000000e+00      -1.74403218e+00       2.00000000e+00       2.00000000e+00       2.00000000e+00       2.00000000e+00       1.00000000e+00       1.00000000e+00       1.00000000e+00       1.99976057e+00       2.39434562e-04       0.00000000e+00       3.13773530e-15       3.27505183e-16
      1.81000000e+00      -1.74403218e+00       2.00000000e+00       2.00000000e+00       2.00000000e+00       2.00000000e+00       1.00000000e+00       1.00000000e+00       1.00000000e+00       1.99974084e+00       2.59156497e-04       0.00000000e+00       3.10987130e-15       3.29500052e-16
      1.82000000e+00      -1.74403218e+00       2.00000000e+00       2.00000000e+00       2.00000000e+00       2.00000000e+00       1.00000000e+00       1.00000000e+00       1.00000000e+00       1.99972056e+00       2.79444096e-04       0.00000000e+00       2.90124370e-15       3.31502861e-16
      1.83000000e+00      -1.74403218e+00       2.00000000e+00       2.00000000e+00       2.00000000e+00       2.00000000e+00       1.00000000e+00       1.00000000e+00       1.00000000e+00       1.99969974e+00       3.00264913e-04       0.00000000e+00       2.55351296e-15      -3.37403716e-16
      1.84000000e+00      -1.74403218e+00       2.00000000e+00       2.00000000e+00       2.00000000e+00       2.00000000e+00       1.00000000e+00       1.00000000e+00       1.00000000e+00       1.99967841e+00       3.21585650e-04       0.00000000e+00       2.55351296e-15      -3.55618313e-16
      1.85000000e+00      -1.74403218e+00       2.00000000e+00       2.00000000e+00       2.00000000e+00       2.00000000e+00       1.00000000e+00       1.00000000e+00       1.00000000e+00       1.99965663e+00       3.43372206e-04       0.00000000e+00       2.55351296e-15      -3.49546780e-16
      1.86000000e+00      -1.74403218e+00       2.00000000e+00       2.00000000e+00       2.00000000e+00       2.00000000e+00       1.00000000e+00       1.00000000e+00       1.00000000e+00       1.99963441e+00       3.65589738e-04       0.00000000e+00       2.90116238e-15       3.63178082e-16
      1.87000000e+00      -1.74403218e+00       2.00000000e+00       2.00000000e+00       2.00000000e+00       2.00000000e+00       1.00000000e+00       1.00000000e+00       1.00000000e+00       1.99961180e+00       3.88202712e-04       0.00000000e+00       2.86378451e-15       3.83205964e-16
      1.88000000e+00      -1.74403218e+00       2.00000000e+00       2.00000000e+00       2.00000000e+00       2.00000000e+00       1.00000000e+00       1.00000000e+00       1.00000000e+00       1.99958883e+00       4.11174960e-04       0.00000000e+00       2.77555756e-15      -3.85975973e-16
      1.89000000e+00      -1.74403218e+00       2.00000000e+00       2.00000000e+00       2.00000000e+00       2.00000000e+00       1.00000000e+00       1.00000000e+00       1.00000000e+00       1.99956553e+00       4.34469740e-04       0.00000000e+00       3.10862447e-15      -3.91180144e-16
      1.90000000e+00      -1.74403218e+00       2.00000000e+00       2.00000000e+00       2.00000000e+00       2.00000000e+00       1.00000000e+00       1.00000000e+00       1.00000000e+00       1.99954195e+00       4.58049792e-04       0.00000000e+00       3.21964677e-15      -4.08527379e-16
      1.91000000e+00      -1.74403218e+00       2.00000000e+00       2.00000000e+00       2.00000000e+00       2.00000000e+00       1.00000000e+00       1.00000000e+00       1.00000000e+00       1.99951812e+00       4.81877402e-04       0.00000000e+00       3.03132085e-15       4.13036982e-16
      1.92000000e+00      -1.74403218e+00       2.00000000e+00       2.00000000e+00       2.00000000e+00       2.00000000e+00       1.00000000e+00       1.00000000e+00       1.00000000e+00       1.99949409e+00       5.05914456e-04       0.00000000e+00       2.88657986e-15      -4.31946146e-16
      1.93000000e+00      -1.74403218e+00       2.00000000e+00       2.00000000e+00       2.00000000e+00       2.00000000e+00       1.00000000e+00       1.00000000e+00       1.00000000e+00       1.99946988e+00       5.30122508e-04       0.00000000e+00       3.33066907e-15      -4.40619763e-16
      1.94000000e+00      -1.74403218e+00       2.00000000e+00       2.00000000e+00       2.00000000e+00       2.00000000e+00       1.00000000e+00       1.00000000e+00       1.00000000e+00       1.99944554e+00       5.54462834e-04       0.00000000e+00       3.19839641e-15       4.44188101e-16
      1.95000000e+00      -1.74403218e+00       2.00000000e+00       2.00000000e+00       2.00000000e+00       2.00000000e+00       1.00000000e+00       1.00000000e+00       1.00000000e+00       1.99942110e+00       5.78896500e-04       0.00000000e+00       3.44169138e-15      -4.12864187e-16
      1.96000000e+00      -1.74403218e+00       2.00000000e+00       2.00000000e+00       2.00000000e+00       2.00000000e+00       1.00000000e+00       1.00000000e+00       1.00000000e+00       1.99939662e+00       6.03384423e-04       0.00000000e+00       3.33066907e-15      -4.18935719e-16
      1.97000000e+00      -1.74403218e+00       2.00000000e+00       2.00000000e+00       2.00000000e+00       2.00000000e+00       1.00000000e+00       1.00000000e+00       1.00000000e+00       1.99937211e+00       6.27887429e-04       0.00000000e+00       3.33066907e-15      -4.05925293e-16
      1.98000000e+00      -1.74403218e+00       2.00000000e+00       2.00000000e+00       2.00000000e+00       2.00000000e+00       1.00000000e+00       1.00000000e+00       1.00000000e+00       1.99934763e+00       6.52366323e-04       0.00000000e+00       3.55271368e-15      -4.21537805e-16
      1.99000000e+00      -1.74403218e+00       2.00000000e+00       2.00000000e+00       2.00000000e+00       2.00000000e+00       1.00000000e+00       1.00000000e+00       1.00000000e+00       1.99932322e+00       6.76781945e-04       0.00000000e+00       3.63310727e-15       4.21917911e-16
      2.00000000e+00      -1.74403218e+00       2.00000000e+00       2.00000000e+00       2.00000000e+00       2.00000000e+00       1.00000000e+00       1.00000000e+00       1.00000000e+00       1.99929890e+00       7.01095236e-04       0.00000000e+00       3.88578059e-15      -4.29344060e-16
      2.01000000e+00      -1.74403218e+00       2.00000000e+00       2.00000000e+00       2.00000000e+00       2.00000000e+00       1.00000000e+00       1.00000000e+00       1.00000000e+00       1.99927473e+00       7.25267300e-04       0.00000000e+00       3.77475828e-15      -4.25007252e-16
      2.02000000e+00      -1.74403218e+00       2.00000000e+00       2.00000000e+00       2.00000000e+00       2.00000000e+00       1.00000000e+00       1.00000000e+00       1.00000000e+00       1.99925074e+00       7.49259467e-04       0.00000000e+00       3.84842982e-15       4.15508836e-16
      2.03000000e+00      -1.74403218e+00       2.00000000e+00       2.00000000e+00       2.00000000e+00       2.00000000e+00       1.00000000e+00       1.00000000e+00       1.00000000e+00       1.99922697e+00       7.73033353e-04       0.00000000e+00       3.77475828e-15      -4.17200996e-16
      2.04000000e+00      -1.74403218e+00       2.00000000e+00       2.00000000e+00       2.00000000e+00       2.00000000e+00       1.00000000e+00       1.00000000e+00       1.00000000e+00       1.99920345e+00       7.96550921e-04       0.00000000e+00       3.55271368e-15      -4.16333634e-16
      2.05000000e+00      -1.74403218e+00       2.00000000e+00       2.00000000e+00       2.00000000e+00       2.00000000e+00       1.00000000e+00       1.00000000e+00       1.00000000e+00       1.99918023e+00       8.19774545e-04       0.00000000e+00       3.77475828e-15      -3.96384314e-16
      2.06000000e+00      -1.74403218e+00       2.00000000e+00       2.00000000e+00       2.00000000e+00       2.00000000e+00       1.00000000e+00       1.00000000e+00       1.00000000e+00       1.99915733e+00       8.42667068e-04       0.00000000e+00       3.55271368e-15      -3.91180144e-16
      2.07000000e+00      -1.74403218e+00       2.00000000e+00       2.00000000e+00       2.00000000e+00       2.00000000e+00       1.00000000e+00       1.00000000e+00       1.00000000e+00       1.99913481e+00       8.65191860e-04       0.00000000e+00       3.55271368e-15      -4.03323208e-16
      2.08000000e+00      -1.74403218e+00       2.00000000e+00       2.00000000e+00       2.00000000e+00       2.00000000e+00       1.00000000e+00       1.00000000e+00       1.00000000e+00       1.99911269e+00       8.87312879e-04       0.00000000e+00       3.33066907e-15      -3.86843335e-16
      2.09000000e+00      -1.74403218e+00       2.00000000e+00       2.00000000e+00       2.00000000e+00       2.00000000e+00       1.00000000e+00       1.00000000e+00       1.00000000e+00       1.99909101e+00       9.08994730e-04       0.00000000e+00       2.77555756e-15      -3.97251676e-16
      2.10000000e+00      -1.74403218e+00       2.00000000e+00       2.00000000e+00       2.00000000e+00       2.00000000e+00       1.00000000e+00       1.00000000e+00       1.00000000e+00       1.99906980e+00       9.30202716e-04       0.00000000e+00       3.21964677e-15      -3.85975973e-16
      2.11000000e+00      -1.74403218e+00       2.00000000e+00       2.00000000e+00       2.00000000e+00       2.00000000e+00       1.00000000e+00       1.00000000e+00       1.00000000e+00       1.99904910e+00       9.50902899e-04       0.00000000e+00       3.44169138e-15      -3.95516953e-16
      2.12000000e+00      -1.74403218e+00       2.00000000e+00       2.00000000e+00       2.00000000e+00       2.00000000e+00       1.00000000e+00       1.00000000e+00       1.00000000e+00       1.99902894e+00       9.71062152e-04       0.00000000e+00       2.88663407e-15       4.30487555e-16
      2.13000000e+00      -1.74403218e+00       2.00000000e+00       2.00000000e+00       2.00000000e+00       2.00000000e+00       1.00000000e+00       1.00000000e+00       1.00000000e+00       1.99900935e+00       9.90648213e-04       0.00000000e+00       2.77555756e-15      -4.37150316e-16
      2.14000000e+00      -1.74403218e+00       2.00000000e+00       2.00000000e+00       2.00000000e+00       2.00000000e+00       1.00000000e+00       1.00000000e+00       1.00000000e+00       1.99899037e+00       1.00962973e-03       0.00000000e+00       2.73110527e-15       4.30995351e-16
      2.15000000e+00      -1.74403218e+00       2.00000000e+00       2.00000000e+00       2.00000000e+00       2.00000000e+00       1.00000000e+00       1.00000000e+00       1.00000000e+00       1.99897202e+00       1.02797633e-03       0.00000000e+00       2.87009999e-15       4.37427296e-16
      2.16000000e+00      -1.74403218e+00       2.00000000e+00       2.00000000e+00       2.00000000e+00       2.00000000e+00       1.00000000e+00       1.00000000e+00       1.00000000e+00       1.99895434e+00       1.04565864e-03       0.00000000e+00       2.99760217e-15      -4.31946146e-16
      2.17000000e+00      -1.74403218e+00       2.00000000e+00       2.00000000e+00       2.00000000e+00       2.00000000e+00       1.00000000e+00       1.00000000e+00       1.00000000e+00       1.99893735e+00       1.06264836e-03       0.00000000e+00       2.99760217e-15      -4.44089210e-16
      2.18000000e+00      -1.74403218e+00       2.00000000e+00       2.00000000e+00       2.00000000e+00       2.00000000e+00       1.00000000e+00       1.00000000e+00       1.00000000e+00       1.99892108e+00       1.07891829e-03       0.00000000e+00       2.84754859e-15       4.64066482e-16
      2.19000000e+00      -1.74403218e+00       2.00000000e+00       2.00000000e+00       2.00000000e+00       2.00000000e+00       1.00000000e+00       1.00000000e+00       1.00000000e+00       1.99890556e+00       1.09444238e-03       0.00000000e+00       2.77555756e-15      -4.50160742e-16
      2.20000000e+00      -1.74403218e+00       2.00000000e+00       2.00000000e+00       2.00000000e+00       2.00000000e+00       1.00000000e+00       1.00000000e+00       1.00000000e+00       1.99889080e+00       1.10919578e-03       0.00000000e+00       2.88657986e-15      -4.38885039e-16
      2.21000000e+00      -1.74403218e+00       2.00000000e+00       2.00000000e+00       2.00000000e+00       2.00000000e+00       1.00000000e+00       1.00000000e+00       1.00000000e+00       1.99887685e+00       1.12315486e-03       0.00000000e+00       2.62268506e-15       4.30527365e-16
      2.22000000e+00      -1.74403218e+00       2.00000000e+00       2.00000000e+00       2.00000000e+00       2.00000000e+00       1.00000000e+00       1.00000000e+00       1.00000000e+00       1.99886370e+00       1.13629727e-03       0.00000000e+00       3.10862447e-15      -4.25007252e-16
      2.23000000e+00      -1.74403218e+00       2.00000000e+00       2.00000000e+00       2.00000000e+00       2.00000000e+00       1.00000000e+00       1.00000000e+00       1.00000000e+00       1.99885140e+00       1.14860196e-03       0.00000000e+00       3.50641825e-15       4.31204568e-16
      2.24000000e+00      -1.74403218e+00       2.00000000e+00       2.00000000e+00       2.00000000e+00       2.00000000e+00       1.00000000e+00       1.00000000e+00       1.00000000e+00       1.99883995e+00       1.16004923e-03       0.00000000e+00       3.55271368e-15      -4.28476699e-16
      2.25000000e+00      -1.74403218e+00       2.00000000e+00       2.00000000e+00       2.00000000e+00       2.00000000e+00       1.00000000e+00       1.00000000e+00       1.00000000e+00       1.99882938e+00       1.17062073e-03       0.00000000e+00       3.14028317e-15       4.41038621e-16
      2.26000000e+00      -1.74403218e+00       2.00000000e+00       2.00000000e+00       2.00000000e+00       2.00000000e+00       1.00000000e+00       1.00000000e+00       1.00000000e+00       1.99881970e+00       1.18029952e-03       0.00000000e+00       3.67002435e-15       4.26283730e-16
      2.27000000e+00      -1.74403218e+00       2.00000000e+00       2.00000000e+00       2.00000000e+00       2.00000000e+00       1.00000000e+00       1.00000000e+00       1.00000000e+00       1.99881093e+00       1.18907011e-03       0.00000000e+00       4.32986980e-15      -4.29344060e-16
      2.28000000e+00      -1.74403218e+00       2.00000000e+00       2.00000000e+00       2.00000000e+00       2.00000000e+00       1.00000000e+00       1.00000000e+00       1.00000000e+00       1.99880308e+00       1.19691842e-03       0.00000000e+00       3.90844041e-15       4.34331814e-16
      2.29000000e+00      -1.74403218e+00       2.00000000e+00       2.00000000e+00       2.00000000e+00       2.00000000e+00       1.00000000e+00       1.00000000e+00       1.00000000e+00       1.99879617e+00       1.20383188e-03       0.00000000e+00       3.77475828e-15      -4.51028104e-16
      2.30000000e+00      -1.74403218e+00       2.00000000e+00       2.00000000e+00       2.00000000e+00       2.00000000e+00       1.00000000e+00       1.00000000e+00       1.00000000e+00       1.99879020e+00       1.20979939e-03       0.00000000e+00       3.88578059e-15      -4.62303806e-16
      2.31000000e+00      -1.74403218e+00       2.00000000e+00       2.00000000e+00       2.00000000e+00       2.00000000e+00       1.00000000e+00       1.00000000e+00       1.00000000e+00       1.99878519e+00       1.21481139e-03       0.00000000e+00       3.73930487e-15       4.44813423e-16
      2.32000000e+00      -1.74403218e+00       2.00000000e+00       2.00000000e+00       2.00000000e+00       2.00000000e+00       1.00000000e+00       1.00000000e+00       1.00000000e+00       1.99878114e+00       1.21885982e-03       0.00000000e+00       3.66373598e-15      -4.57966998e-16
      2.33000000e+00      -1.74403218e+00       2.00000000e+00       2.00000000e+00       2.00000000e+00       2.00000000e+00       1.00000000e+00       1.00000000e+00       1.00000000e+00       1.99877806e+00       1.22193818e-03       0.00000000e+00       3.66373598e-15      -4.43221848e-16
      2.34000000e+00      -1.74403218e+00       2.00000000e+00       2.00000000e+00       2.00000000e+00       2.00000000e+00       1.00000000e+00       1.00000000e+00       1.00000000e+00       1.99877596e+00       1.22404152e-03       0.00000000e+00       3.29554092e-15       4.42742004e-16
      2.35000000e+00      -1.74403218e+00       2.00000000e+00       2.00000000e+00       2.00000000e+00       2.00000000e+00       1.00000000e+00       1.00000000e+00       1.00000000e+00       1.99877483e+00       1.22516644e-03       0.00000000e+00       3.57840927e-15       4.36415938e-16
      2.36000000e+00      -1.74403218e+00       2.00000000e+00       2.00000000e+00       2.00000000e+00       2.00000000e+00       1.00000000e+00       1.00000000e+00       1.00000000e+00       1.99877469e+00       1.22531110e-03       0.00000000e+00       3.60876693e-15       4.37216808e-16
      2.37000000e+00      -1.74403218e+00       2.00000000e+00       2.00000000e+00       2.00000000e+00       2.00000000e+00       1.00000000e+00       1.00000000e+00       1.00000000e+00       1.99877552e+00       1.22447526e-03       0.00000000e+00       3.44169138e-15      -4.40619763e-16
      2.38000000e+00      -1.74403218e+00       2.00000000e+00       2.00000000e+00       2.00000000e+00       2.00000000e+00       1.00000000e+00       1.00000000e+00       1.00000000e+00       1.99877734e+00       1.22266022e-03       0.00000000e+00       3.55271368e-15      -4.45823933e-16
      2.39000000e+00      -1.74403218e+00       2.00000000e+00       2.00000000e+00       2.00000000e+00       2.00000000e+00       1.00000000e+00       1.00000000e+00       1.00000000e+00       1.99878013e+00       1.21986885e-03       0.00000000e+00       3.85542293e-15       4.47663265e-16
      2.40000000e+00      -1.74403218e+00       2.00000000e+00       2.00000000e+00       2.00000000e+00       2.00000000e+00       1.00000000e+00       1.00000000e+00       1.00000000e+00       1.99878389e+00       1.21610560e-03       0.00000000e+00       4.10782519e-15      -4.49293380e-16
      2.41000000e+00      -1.74403218e+00       2.00000000e+00       2.00000000e+00       2.00000000e+00       2.00000000e+00       1.00000000e+00       1.00000000e+00       1.00000000e+00       1.99878862e+00       1.21137644e-03       0.00000000e+00       3.86312076e-15       4.42872871e-16
      2.42000000e+00      -1.74403218e+00       2.00000000e+00       2.00000000e+00       2.00000000e+00       2.00000000e+00       1.00000000e+00       1.00000000e+00       1.00000000e+00       1.99879431e+00       1.20568893e-03       0.00000000e+00       3.88382902e-15       4.53580638e-16
      2.43000000e+00      -1.74403218e+00       2.00000000e+00       2.00000000e+00       2.00000000e+00       2.00000000e+00       1.00000000e+00       1.00000000e+00       1.00000000e+00       1.99880095e+00       1.19905213e-03       0.00000000e+00       3.88578059e-15      -4.48426019e-16
      2.44000000e+00      -1.74403218e+00       2.00000000e+00       2.00000000e+00       2.00000000e+00       2.00000000e+00       1.00000000e+00       1.00000000e+00       1.00000000e+00       1.99880852e+00       1.19147664e-03       0.00000000e+00       3.77475828e-15      -4.50160742e-16
      2.45000000e+00      -1.74403218e+00       2.00000000e+00       2.00000000e+00       2.00000000e+00       2.00000000e+00       1.00000000e+00       1.00000000e+00       1.00000000e+00       1.99881703e+00       1.18297455e-03       0.00000000e+00       3.69094946e-15       4.39484315e-16
      2.46000000e+00      -1.74403218e+00       2.00000000e+00       2.00000000e+00       2.00000000e+00       2.00000000e+00       1.00000000e+00       1.00000000e+00       1.00000000e+00       1.99882644e+00       1.17355944e-03       0.00000000e+00       3.44169138e-15      -4.43221848e-16
      2.47000000e+00      -1.74403218e+00       2.00000000e+00       2.00000000e+00       2.00000000e+00       2.00000000e+00       1.00000000e+00       1.00000000e+00       1.00000000e+00       1.99883675e+00       1.16324634e-03       0.00000000e+00       3.74125644e-15       4.66836280e-16
      2.48000000e+00      -1.74403218e+00       2.00000000e+00       2.00000000e+00       2.00000000e+00       2.00000000e+00       1.00000000e+00       1.00000000e+00       1.00000000e+00       1.99884795e+00       1.15205175e-03       0.00000000e+00       3.40526218e-15       4.70213400e-16
      2.49000000e+00      -1.74403218e+00       2.00000000e+00       2.00000000e+00       2.00000000e+00       2.00000000e+00       1.00000000e+00       1.00000000e+00       1.00000000e+00       1.99886001e+00       1.13999353e-03       0.00000000e+00       3.21964677e-15      -4.70110062e-16
      2.50000000e+00      -1.74403218e+00       2.00000000e+00       2.00000000e+00       2.00000000e+00       2.00000000e+00       1.00000000e+00       1.00000000e+00       1.00000000e+00       1.99887291e+00       1.12709098e-03       0.00000000e+00       3.34227004e-15       4.92782169e-16
      2.51000000e+00      -1.74403218e+00       2.00000000e+00       2.00000000e+00       2.00000000e+00       2.00000000e+00       1.00000000e+00       1.00000000e+00       1.00000000e+00       1.99888664e+00       1.11336471e-03       0.00000000e+00       3.44169138e-15      -4.92661467e-16
      2.52000000e+00      -1.74403218e+00       2.00000000e+00       2.00000000e+00       2.00000000e+00       2.00000000e+00       1.00000000e+00       1.00000000e+00       1.00000000e+00       1.99890116e+00       1.09883667e-03       0.00000000e+00       3.44169138e-15      -4.77916318e-16
      2.53000000e+00      -1.74403218e+00       2.00000000e+00       2.00000000e+00       2.00000000e+00       2.00000000e+00       1.00000000e+00       1.00000000e+00       1.00000000e+00       1.99891647e+00       1.08353009e-03       0.00000000e+00       3.88578059e-15      -4.64905892e-16
      2.54000000e+00      -1.74403218e+00       2.00000000e+00       2.00000000e+00       2.00000000e+00       2.00000000e+00       1.00000000e+00       1.00000000e+00       1.00000000e+00       1.99893253e+00       1.06746944e-03       0.00000000e+00       3.49102258e-15       4.82286584e-16
      2.55000000e+00      -1.74403218e+00       2.00000000e+00       2.00000000e+00       2.00000000e+00       2.00000000e+00       1.00000000e+00       1.00000000e+00       1.00000000e+00       1.99894932e+00       1.05068041e-03       0.00000000e+00       3.55271368e-15      -4.64905892e-16
      2.56000000e+00      -1.74403218e+00       2.00000000e+00       2.00000000e+00       2.00000000e+00       2.00000000e+00       1.00000000e+00       1.00000000e+00       1.00000000e+00       1.99896681e+00       1.03318985e-03       0.00000000e+00       3.44505240e-15       4.75348961e-16
      2.57000000e+00      -1.74403218e+00       2.00000000e+00       2.00000000e+00       2.00000000e+00       2.00000000e+00       1.00000000e+00       1.00000000e+00       1.00000000e+00       1.99898497e+00       1.01502574e-03       0.00000000e+00       3.21964677e-15      -4.82253126e-16
      2.58000000e+00      -1.74403218e+00       2.00000000e+00       2.00000000e+00       2.00000000e+00       2.00000000e+00       1.00000000e+00       1.00000000e+00       1.00000000e+00       1.99900378e+00       9.96217136e-04       0.00000000e+00       3.21964677e-15      -4.64038530e-16
      2.59000000e+00      -1.74403218e+00       2.00000000e+00       2.00000000e+00       2.00000000e+00       2.00000000e+00       1.00000000e+00       1.00000000e+00       1.00000000e+00       1.99902321e+00       9.76794132e-04       0.00000000e+00       2.88657986e-15      -4.74446871e-16
      2.60000000e+00      -1.74403218e+00       2.00000000e+00       2.00000000e+00       2.00000000e+00       2.00000000e+00       1.00000000e+00       1.00000000e+00       1.00000000e+00       1.99904321e+00       9.56787801e-04       0.00000000e+00       2.88657986e-15      -4.52762827e-16
      2.61000000e+00      -1.74403218e+00       2.00000000e+00       2.00000000e+00       2.00000000e+00       2.00000000e+00       1.00000000e+00       1.00000000e+00       1.00000000e+00       1.99906377e+00       9.36230156e-04       0.00000000e+00       2.55351296e-15      -4.49293380e-16
      2.62000000e+00      -1.74403218e+00       2.00000000e+00       2.00000000e+00       2.00000000e+00       2.00000000e+00       1.00000000e+00       1.00000000e+00       1.00000000e+00       1.99908485e+00       9.15154093e-04       0.00000000e+00       2.70887913e-15       4.42357875e-16
      2.63000000e+00      -1.74403218e+00       2.00000000e+00       2.00000000e+00       2.00000000e+00       2.00000000e+00       1.00000000e+00       1.00000000e+00       1.00000000e+00       1.99910641e+00       8.93593341e-04       0.00000000e+00       2.99760217e-15      -4.38017678e-16
      2.64000000e+00      -1.74403218e+00       2.00000000e+00       2.00000000e+00       2.00000000e+00       2.00000000e+00       1.00000000e+00       1.00000000e+00       1.00000000e+00       1.99912842e+00       8.71582408e-04       0.00000000e+00       2.98806119e-15       4.50588917e-16
      2.65000000e+00      -1.74403218e+00       2.00000000e+00       2.00000000e+00       2.00000000e+00       2.00000000e+00       1.00000000e+00       1.00000000e+00       1.00000000e+00       1.99915084e+00       8.49156523e-04       0.00000000e+00       2.96832871e-15       4.60188765e-16
      2.66000000e+00      -1.74403218e+00       2.00000000e+00       2.00000000e+00       2.00000000e+00       2.00000000e+00       1.00000000e+00       1.00000000e+00       1.00000000e+00       1.99917365e+00       8.26351583e-04       0.00000000e+00       2.77555756e-15      -4.62303806e-16
      2.67000000e+00      -1.74403218e+00       2.00000000e+00       2.00000000e+00       2.00000000e+00       2.00000000e+00       1.00000000e+00       1.00000000e+00       1.00000000e+00       1.99919680e+00       8.03204096e-04       0.00000000e+00       2.88657986e-15      -4.83120488e-16
      2.68000000e+00      -1.74403218e+00       2.00000000e+00       2.00000000e+00       2.00000000e+00       2.00000000e+00       1.00000000e+00       1.00000000e+00       1.00000000e+00       1.99922025e+00       7.79751117e-04       0.00000000e+00       3.10862447e-15      -4.68375339e-16
      2.69000000e+00      -1.74403218e+00       2.00000000e+00       2.00000000e+00       2.00000000e+00       2.00000000e+00       1.00000000e+00       1.00000000e+00       1.00000000e+00       1.99924397e+00       7.56030197e-04       0.00000000e+00       2.85172276e-15       4.74039871e-16
      2.70000000e+00      -1.74403218e+00       2.00000000e+00       2.00000000e+00       2.00000000e+00       2.00000000e+00       1.00000000e+00       1.00000000e+00       1.00000000e+00       1.99926792e+00       7.32079315e-04       0.00000000e+00       2.33146835e-15      -4.83120488e-16
